52988.31255	-12.83561	0.00710	-12.89500	0.00777	-11.78404	0.00933	-10.43047	0.03145
52995.30600	-12.80570	0.00473	-12.86418	0.00466	-11.76767	0.00723	-10.42736	0.02184
53002.32091	-12.79833	0.00705	-12.83406	0.00379	-11.73317	0.00932	-10.45533	0.01647
53013.32044	-12.77932	0.00483	-12.75148	0.00489	-11.68157	0.01482	-10.29250	0.04443
53021.29184	-12.75228	0.00581	-12.75571	0.00581	-11.74885	0.02114	-10.43770	0.02205
53028.26665	-12.74091	0.00455	-12.73616	0.00455	-11.67692	0.00657	-10.37678	0.01740
53035.31644	-12.73273	0.00689	-12.73472	0.00418	-11.62431	0.00648	-10.37688	0.03435
53039.26013	-12.71602	0.00819	-12.72486	0.00581	-11.67276	0.00962	-10.30707	0.03354
53042.28519	-12.70077	0.00733	-12.79634	0.01417	-11.69055	0.01628	-10.34306	0.06451
53046.23613	-12.73637	0.00543	-12.76160	0.00532	-11.73236	0.01125	-10.34380	0.04503
53050.27116	-12.72707	0.00748	-12.78097	0.00339	-11.70402	0.00571	-10.36774	0.05765
53055.21519	-12.71453	0.00867	-12.76751	0.00902	-11.69854	0.01448	-10.34481	0.02016
53058.20913	-12.73327	0.00515	-12.80490	0.00508	-11.69548	0.00677	-10.30634	0.01735
53063.21332	-12.71018	0.01020	-12.77766	0.00505	-11.66927	0.01371	-10.28541	0.01966
53066.24101	-12.71215	0.00504	-12.75428	0.00496	-11.69331	0.01019	-10.21071	0.06266
53067.26139	-12.71448	0.00444	-12.78072	0.00432	-11.69086	0.01090	-10.25428	0.02871
53069.22859	-12.71803	0.00873	-12.79618	0.00401	-11.67455	0.00857	-10.29369	0.06232
53070.18768	-12.72136	0.00577	-12.79582	0.00544	-11.76212	0.01195	-10.25533	0.19861
53074.17586	-12.73165	0.02047	-12.81358	0.01104	-11.70278	0.03259	-10.26725	0.08927
53081.21656	-12.72205	0.00444	-12.84936	0.00432	-11.74780	0.00619	-10.25039	0.05335
53088.11807	-12.76718	0.00964	-12.86834	0.01009	-11.74840	0.00694	-10.19216	0.07678
53092.07597	-12.78675	0.00367	-12.87489	0.00354	-11.75828	0.00616	-10.26659	0.02167
53100.08440	-12.78030	0.00616	-12.90973	0.00556	-11.74467	0.01325	-10.18377	0.08694
53103.23701	-12.79861	0.00641	-12.91641	0.00620	-11.80448	0.00994	-10.29150	0.03868
53107.11334	-12.79632	0.00396	-12.89897	0.00384	-11.80153	0.00607	-10.14740	0.05430
53111.09791	-12.79828	0.00554	-12.88740	0.00993	-11.79939	0.00731	-10.16519	0.08463
53114.12212	-12.80741	0.00467	-12.91944	0.00456	-11.78659	0.00647	-10.14125	0.02260
53128.07520	-12.88462	0.00519	-13.00905	0.00535	-11.86501	0.00918	-10.17131	0.06603
53129.09928	-12.86961	0.00681	-12.98301	0.00660	-11.84730	0.02297	-10.19038	0.09327
53131.08055	-12.88575	0.00843	-13.01443	0.01392	-11.84111	0.01683	-10.11205	0.07704
53132.11064	-12.91300	0.01104	-13.00164	0.00966	-11.83239	0.01214	-10.14115	0.04862
53135.97510	-12.90009	0.00867	-13.02905	0.00376	-11.89922	0.00663	-10.07953	0.03424
53139.00494	-12.94372	0.00362	-13.02229	0.00353	-11.91513	0.00772	-10.24284	0.02885
53147.02536	-12.93856	0.00344	-13.03106	0.00330	-11.90128	0.01227	-10.19485	0.03543
53150.01405	-12.95566	0.00471	-13.03105	0.00464	-11.88592	0.02257	-9.98848	0.18144
53150.04910	-12.96049	0.00588	-13.03340	0.00676	-11.88047	0.01346	-10.21872	0.04715
53151.99278	-12.96623	0.00596	-13.02189	0.00629	-11.86695	0.00784	-10.26425	0.06810
53152.98970	-12.94956	0.00579	-13.03561	0.00558	-11.90070	0.01064	-10.06664	0.06321
53156.01068	-12.96078	0.00425	-13.04129	0.00397	-11.88301	0.00722	-10.27264	0.04379
53158.05815	-12.96092	0.00800	-13.02068	0.00649	-11.81706	0.01101	-10.23665	0.06298
53159.08392	-12.96659	0.00940	-13.03052	0.00869	-11.80285	0.02546	-10.17859	0.08277
53160.98493	-12.98237	0.02205	-12.98708	0.00465	-11.88733	0.00893	-10.36480	0.05341
53161.13693	-12.99169	0.01637	-12.97665	0.01181	-11.85663	0.01303	-10.36322	0.09900
53162.02705	-12.94672	0.00457	-12.99186	0.00666	-11.79636	0.01058	-10.20121	0.04544
53163.96818	-12.97821	0.00891	-12.96668	0.02335	-11.87382	0.00580	-10.32921	0.03601
53169.05665	-12.96394	0.00486	-12.97813	0.00484	-11.87728	0.00673	-10.28083	0.04866
53172.00652	-12.97356	0.01391	-12.94222	0.00823	-11.84079	0.02164	-10.28771	0.02126
53177.98655	-12.98921	0.00652	-12.88782	0.02134	-11.81803	0.00895	-10.11683	0.21115
53182.97473	-12.97901	0.00517	-12.90009	0.00532	-11.80956	0.02158	-10.27238	0.13700
53185.01512	-12.96306	0.00897	-12.89239	0.00528	-11.77097	0.01715	-10.14456	0.08092
53188.97281	-12.97825	0.00490	-12.82899	0.00534	-11.73561	0.01736	-10.36961	0.17023
53193.00214	-12.93416	0.00292	-12.83648	0.00902	-11.69338	0.00598	-10.35599	0.02649
53195.99250	-12.92658	0.00333	-12.83578	0.00836	-11.70480	0.00684	-10.26996	0.08371
53200.97620	-12.94027	0.00604	-12.82664	0.01080	-11.75374	0.01022	-10.27764	0.03019
53200.99100	-12.92736	0.00419	-12.82436	0.00350	-11.72388	0.01167	-10.24557	0.06838
53202.99674	-12.91851	0.00498	-12.84413	0.00653	-11.73251	0.00658	-10.37454	0.04107
53204.99322	-12.92202	0.00507	-12.82368	0.00724	-11.69232	0.01285	-10.33457	0.03353
53348.30869	-12.56886	0.00414	-12.21027	0.00489	-11.31073	0.01853	-9.96546	0.04563
53352.31086	-12.55491	0.00750	-12.20929	0.00483	-11.27894	0.00800	-9.98108	0.15417
53355.30869	-12.54207	0.00446	-12.15374	0.02261	-11.23090	0.01361	-9.92243	0.03219
53357.27886	-12.54980	0.00476	-12.13573	0.00532	-11.24831	0.00884	-9.98371	0.11291
53362.28614	-12.46916	0.00504	-12.14995	0.02925	-11.18420	0.01164	-9.94739	0.05757
53368.29819	-12.46526	0.00576	-12.16050	0.00694	-11.22050	0.01367	-10.10059	0.12778
53380.25138	-12.48854	0.00459	-12.23875	0.01093	-11.25575	0.03587	-10.01386	0.08879
53381.25908	-12.49015	0.00632	-12.26448	0.00241	-11.25497	0.00778	-10.06563	0.02226
53381.26126	-12.49493	0.00356	-12.30841	0.00396	-11.26773	0.01940	-10.12245	0.03165
53381.26369	-12.48914	0.00452	-12.25685	0.00493	-11.27774	0.00797	-10.11656	0.03502
53382.28526	-12.49350	0.00369	-12.30312	0.00411	-11.25554	0.01296	-10.06039	0.03639
53383.22369	-12.49879	0.00735	-12.27248	0.01883	-11.28190	0.01353	-10.07808	0.03283
53383.23419	-12.49127	0.01772	-12.27134	0.00727	-11.25339	0.01332	-10.03101	0.01586
53383.25485	-12.49289	0.00341	-12.30039	0.00585	-11.26377	0.00803	-10.12741	0.02686
53384.22184	-12.48590	0.00289	-12.26588	0.00263	-11.23657	0.01504	-10.06320	0.03834
53384.36848	-12.50335	0.00497	-12.28512	0.01230	-11.25932	0.01424	-10.14008	0.10144
53385.23422	-12.49175	0.00534	-12.24895	0.01044	-11.27137	0.02119	-10.06212	0.02504
53385.25799	-12.50164	0.00964	-12.29524	0.00381	-11.26967	0.01581	-10.07610	0.07958
53386.23950	-12.49207	0.00336	-12.29333	0.00374	-11.24543	0.00728	-10.13216	0.02913
53387.29683	-12.48813	0.00555	-12.28266	0.00752	-11.24939	0.00706	-10.12462	0.02805
53388.24818	-12.51939	0.00340	-12.28278	0.00667	-11.27128	0.00747	-10.07153	0.07796
53389.27713	-12.49736	0.00352	-12.27660	0.01225	-11.27633	0.01352	-10.09313	0.04617
53393.12965	-12.50265	0.00568	-12.26540	0.00763	-11.23036	0.02024	-9.99222	0.03679
53394.18028	-12.49786	0.00296	-12.24540	0.00355	-11.22644	0.01172	-10.12584	0.02117
53394.30187	-12.52336	0.00475	-12.25905	0.01066	-11.22891	0.01346	-10.09899	0.05527
53395.20971	-12.48671	0.01164	-12.25685	0.00861	-11.25800	0.01783	-10.01815	0.26831
53396.16507	-12.48434	0.01054	-12.24523	0.00545	-11.24598	0.00907	-9.98407	0.03528
53402.23796	-12.48874	0.00673	-12.20025	0.00954	-11.21321	0.01071	-10.06536	0.03470
53404.33497	-12.46810	0.00518	-12.19019	0.01677	-11.21370	0.00899	-10.03595	0.02758
53405.32042	-12.46863	0.00348	-12.18590	0.00891	-11.21242	0.01329	-10.05829	0.10176
53406.24502	-12.47102	0.00383	-12.19984	0.00821	-11.20121	0.00792	-10.17685	0.02790
53407.27474	-12.46163	0.00447	-12.16399	0.00984	-11.16124	0.03213	-10.06471	0.04095
53408.25479	-12.47317	0.00455	-12.17553	0.00445	-11.16178	0.00812	-10.12796	0.03139
53409.28961	-12.46574	0.00422	-12.14459	0.00581	-11.20114	0.02505	-10.08702	0.04096
53409.30121	-12.45150	0.00490	-12.14316	0.00536	-11.17341	0.01532	-10.04063	0.02178
53410.24546	-12.46908	0.00485	-12.16290	0.00514	-11.15359	0.00772	-10.13296	0.05072
53411.32762	-12.45919	0.00516	-12.12397	0.00502	-11.14407	0.00856	-10.03229	0.06106
53412.31526	-12.45187	0.00551	-12.14069	0.00715	-11.17015	0.00920	-10.07880	0.03998
53414.31103	-12.47911	0.01091	-12.09314	0.00526	-11.14292	0.02200	-10.05388	0.02549
53417.28239	-12.44490	0.01040	-12.10889	0.01344	-11.12226	0.01255	-10.05160	0.03575
53420.30888	-12.39761	0.00438	-12.09591	0.01403	-11.16854	0.00870	-10.01106	0.02728
53422.27589	-12.41910	0.01108	-12.07982	0.00741	-11.10359	0.03746	-9.97781	0.04308
53428.27048	-12.40512	0.00671	-12.08545	0.01024	-11.11654	0.01856	-10.02312	0.08915
53429.29171	-12.40938	0.01260	-12.09098	0.00904	-11.05390	0.04089	-10.05776	0.17458
53430.25329	-12.40367	0.00575	-12.02521	0.03944	-11.13084	0.01353	-9.91715	0.15919
53431.20745	-12.39663	0.00862	-12.07136	0.00578	-11.11110	0.01131	-9.94765	0.07247
53432.12226	-12.39426	0.00400	-12.05977	0.00487	-11.06023	0.01556	-9.98010	0.04110
53434.10461	-12.39017	0.00726	-12.07223	0.01229	-11.05087	0.02076	-10.00493	0.06066
53435.07988	-12.36160	0.00241	-12.01214	0.02028	-11.12506	0.02607	-9.92720	0.01106
53436.12811	-12.37109	0.00428	-12.05840	0.00812	-11.12313	0.03136	-9.96367	0.05063
53438.01166	-12.35972	0.02256	-12.01014	0.01357	-11.04244	0.04622	-9.84640	0.06247
53442.13433	-12.35158	0.00394	-12.03350	0.01774	-11.04888	0.01088	-9.90252	0.04491
53442.24930	-12.35361	0.00531	-11.99021	0.00949	-11.05898	0.02029	-9.88397	0.02846
53444.22670	-12.33538	0.00754	-12.00863	0.00634	-11.01893	0.04746	-9.75993	0.03210
53446.17633	-12.31393	0.00924	-11.99190	0.00551	-11.06035	0.00906	-9.92411	0.02748
53448.21388	-12.32275	0.01336	-11.97381	0.00484	-10.98030	0.01927	-9.87654	0.02593
53450.07670	-12.29513	0.00520	-11.97960	0.00798	-11.04721	0.01374	-9.88878	0.01805
53450.14880	-12.29456	0.02414	-11.99957	0.01348	-11.02804	0.05844	-10.02194	0.05796
53456.07581	-12.32215	0.00588	-11.99231	0.00559	-11.03828	0.01711	-9.59203	0.02912
53459.15034	-12.31622	0.00557	-11.97329	0.00674	-11.07512	0.01812	-9.67348	0.05760
53462.09965	-12.28542	0.00522	-12.00006	0.00587	-11.08796	0.00953	-9.84407	0.03389
53464.10534	-12.30431	0.01445	-11.99685	0.02372	-11.01204	0.01055	-9.68609	0.04344
53467.30682	-12.27905	0.02326	-11.99533	0.03193	-10.92886	0.04280	-9.69129	0.10302
53469.03713	-12.27688	0.01246	-11.99042	0.01542	-11.02740	0.00925	-9.66757	0.04703
53472.10916	-12.27257	0.00564	-12.05934	0.00673	-11.04241	0.01153	-9.89689	0.21116
53472.97489	-12.28542	0.01466	-12.00993	0.01460	-11.02711	0.01336	-9.85286	0.04337
53473.96574	-12.29406	0.00671	-11.99104	0.01746	-11.07698	0.01205	-9.79370	0.02328
53474.24535	-12.28336	0.01112	-12.02871	0.02338	-11.00749	0.03984	-9.70380	0.04029
53476.05466	-12.28589	0.00733	-12.06468	0.00517	-11.01966	0.02107	-9.80508	0.10852
53476.18500	-12.27038	0.00474	-12.07734	0.00514	-11.07336	0.00883	-9.81950	0.04405
53477.96433	-12.27859	0.00473	-12.04309	0.01481	-11.06613	0.03948	-9.79077	0.03896
53478.10104	-12.28384	0.00497	-12.07999	0.00555	-11.09267	0.08253	-9.85956	0.03898
53483.01179	-12.33752	0.00894	-12.06494	0.00815	-11.13268	0.02526	-9.92846	0.03532
53487.96659	-12.30792	0.00534	-12.11389	0.00502	-11.05669	0.01692	-9.83740	0.02359
53488.96823	-12.32397	0.00480	-12.10553	0.01445	-11.05215	0.02027	-9.79811	0.01113
53489.04699	-12.32016	0.00574	-12.14732	0.00434	-11.06804	0.01593	-9.80148	0.09166
53490.92123	-12.32230	0.00243	-12.09708	0.01264	-11.07760	0.01779	-9.91603	0.01877
53491.13207	-12.31476	0.00736	-12.09329	0.00978	-11.03749	0.02994	-9.73535	0.11653
53491.93648	-12.31717	0.00509	-12.10458	0.00430	-11.11789	0.01747	-9.81305	0.01809
53492.96771	-12.32433	0.00343	-12.08899	0.00763	-11.07937	0.02187	-9.89511	0.02127
53494.94929	-12.33446	0.00405	-12.11439	0.01241	-11.07360	0.01886	-9.79956	0.02615
53495.94397	-12.33403	0.00534	-12.08489	0.01010	-11.11990	0.00680	-9.83663	0.01761
53497.15299	-12.36061	0.01645	-12.10792	0.01331	-11.08642	0.01149	-9.83586	0.06976
53497.94753	-12.34576	0.01370	-12.05432	0.02601	-11.09239	0.03109	-9.71708	0.01193
53498.94701	-12.35252	0.00584	-12.08188	0.01896	-11.07639	0.00495	-9.77763	0.01194
53500.91427	-12.35196	0.00803	-12.06741	0.00633	-11.07866	0.00817	-9.69831	0.01121
53501.03936	-12.33883	0.00579	-12.10218	0.00561	-11.04534	0.01093	-9.55960	0.08380
53501.95370	-12.35247	0.00475	-12.07526	0.01098	-11.08877	0.00667	-9.73696	0.02726
53502.04306	-12.35911	0.00503	-12.10229	0.01901	-11.12266	0.03303	-9.87391	0.07710
53502.97268	-12.31991	0.00818	-12.08911	0.00566	-11.07811	0.02140	-9.74600	0.02694
53503.03963	-12.34274	0.00446	-12.06090	0.01153	-11.07179	0.00995	-9.68455	0.12008
53506.05012	-12.36199	0.01225	-12.09228	0.00659	-11.03196	0.02327	-9.67732	0.09759
53509.96196	-12.33099	0.01280	-12.07964	0.01302	-10.94190	0.04664	-9.78907	0.02381
53512.02123	-12.34083	0.00638	-12.06309	0.00953	-11.05683	0.01708	-9.45380	0.14371
53516.95978	-12.29996	0.01632	-11.98794	0.02454	-11.03190	0.00655	-9.77505	0.01164
53521.07422	-12.28289	0.00471	-11.98114	0.00799	-11.01520	0.02581	-9.54799	0.06114
53521.91306	-12.28624	0.01336	-11.98987	0.00895	-10.96272	0.02808	-9.63606	0.01843
53523.04650	-12.25900	0.00517	-12.01895	0.00677	-10.98688	0.01615	-9.66601	0.10191
53525.06943	-12.29457	0.00461	-12.05303	0.00658	-11.01728	0.03422	-9.76089	0.03684
53528.00967	-12.26708	0.00649	-12.02783	0.00522	-11.06556	0.00932	-9.56016	0.04816
53529.01270	-12.27223	0.00806	-12.05671	0.01380	-11.03481	0.01390	-9.53067	0.13853
53542.01919	-12.36036	0.00822	-12.24985	0.01950	-11.13896	0.12174	-9.75260	0.10499
53568.95989	-12.59418	0.01450	-12.51242	0.00735	-11.42993	0.01571	-9.68972	0.15900
53569.99436	-12.57521	0.02332	-12.56378	0.02909	-11.39327	0.01433	-9.95516	0.06481
53577.97650	-12.62470	0.00475	-12.57816	0.02754	-11.44972	0.01029	-9.94621	0.12828
53582.96300	-12.65414	0.00622	-12.52284	0.00683	-11.58859	0.09610	-9.70651	0.19237
53695.34672	-12.81334	0.00924	-12.57749	0.00498	-11.46459	0.02256	-10.13510	0.06257
53700.24067	-12.83035	0.00609	-12.55427	0.00844	-11.52655	0.00666	-10.17427	0.01474
53709.24710	-12.79252	0.00386	-12.54247	0.00467	-11.49129	0.00997	-10.32365	0.02922
53714.19690	-12.79305	0.00520	-12.53936	0.00448	-11.51427	0.00747	-10.38559	0.01296
53715.31145	-12.81951	0.01818	-12.46684	0.01974	-11.50543	0.01959	-10.42029	0.02889
53716.33759	-12.79267	0.00514	-12.52396	0.01814	-11.52875	0.01905	-10.42181	0.04925
53718.32500	-12.78832	0.00521	-12.55309	0.00961	-11.47075	0.03313	-10.35148	0.03060
53719.20210	-12.79503	0.00462	-12.54625	0.02595	-11.51351	0.01118	-10.40245	0.05898
53722.28285	-12.80096	0.02227	-12.46573	0.01199	-11.56544	0.01801	-10.50759	0.11086
53726.31197	-12.76876	0.00365	-12.48814	0.00435	-11.48993	0.01485	-10.51746	0.07589
53727.30780	-12.78631	0.00622	-12.50936	0.00707	-11.39336	0.01468	-10.56216	0.04201
53730.35308	-12.72796	0.00437	-12.48113	0.00808	-11.38298	0.01076	-10.54728	0.03690
53732.26568	-12.69072	0.00402	-12.48869	0.00535	-11.37251	0.01612	-10.48302	0.03549
53733.32313	-12.69656	0.00417	-12.48040	0.00869	-11.37698	0.00590	-10.50757	0.01612
53734.34224	-12.69078	0.00318	-12.49266	0.00353	-11.37248	0.00663	-10.50269	0.01840
53735.27105	-12.68362	0.00341	-12.49883	0.00731	-11.37182	0.00645	-10.48100	0.01834
53741.27712	-12.69474	0.01591	-12.51041	0.00458	-11.35902	0.02884	-10.46599	0.03172
53747.24015	-12.72961	0.00870	-12.55318	0.00745	-11.39226	0.01107	-10.36339	0.04432
53749.26696	-12.74977	0.00543	-12.49134	0.01823	-11.44570	0.04707	-10.27404	0.05096
53756.29434	-12.81469	0.00702	-12.58051	0.01032	-11.48202	0.03141	-10.26549	0.14629
53757.18523	-12.83845	0.00662	-12.59474	0.00488	-11.45771	0.01111	-10.41378	0.06627
53758.26061	-12.82240	0.01272	-12.57477	0.00665	-11.50871	0.01462	-10.46402	0.03056
53765.27681	-12.79806	0.00293	-12.59995	0.00568	-11.46756	0.00559	-10.37336	0.04171
53771.18631	-12.77667	0.01177	-12.61774	0.01355	-11.47259	0.00803	-10.31185	0.03720
53772.22134	-12.79545	0.00261	-12.61200	0.00723	-11.59901	0.00750	-10.31810	0.01750
53775.19937	-12.79997	0.00441	-12.62841	0.00745	-11.51990	0.01903	-10.09156	0.08571
53776.23953	-12.78805	0.00398	-12.64493	0.01009	-11.51865	0.01474	-10.29166	0.08139
53783.13620	-12.78926	0.00617	-12.62556	0.02059	-11.57911	0.03888	-10.07096	0.02448
53784.28375	-12.79179	0.00640	-12.59570	0.01434	-11.51513	0.00985	-10.17007	0.03694
53787.34110	-12.78476	0.00374	-12.55317	0.00420	-11.45527	0.00789	-10.13391	0.06386
53788.27786	-12.78750	0.00549	-12.56891	0.00662	-11.49904	0.00934	-10.20013	0.03924
53790.35135	-12.77495	0.00371	-12.54120	0.00801	-11.37882	0.00660	-10.10934	0.05804
53791.30618	-12.78492	0.00637	-12.53574	0.00560	-11.43482	0.01878	-10.18535	0.01973
53795.33401	-12.75298	0.00335	-12.49443	0.00521	-11.38258	0.00785	-10.15211	0.11060
53800.34432	-12.73324	0.00838	-12.44369	0.00573	-11.31188	0.01623	-10.11571	0.09043
53802.19795	-12.72369	0.00772	-12.44515	0.00860	-11.40718	0.02831	-10.22256	0.01884
53803.01794	-12.70198	0.00879	-12.42072	0.02625	-11.40751	0.04374	-10.19302	0.01437
53805.22529	-12.66225	0.01683	-12.39841	0.00566	-11.38178	0.01692	-10.06929	0.05710
53806.16898	-12.65336	0.00506	-12.40660	0.00519	-11.35117	0.01077	-10.17181	0.05084
53807.03733	-12.64130	0.02075	-12.41331	0.02138	-11.30577	0.03230	-10.18379	0.06882
53812.11799	-12.63237	0.00651	-12.33325	0.00915	-11.30729	0.02423	-9.83022	0.34190
53813.07332	-12.60196	0.01115	-12.34702	0.01101	-11.31060	0.01264	-10.17460	0.01991
53813.13052	-12.61321	0.00387	-12.34760	0.01294	-11.27110	0.01239	-10.18045	0.11068
53814.10128	-12.62238	0.01998	-12.33152	0.01087	-11.29378	0.00788	-10.11371	0.01515
53816.09978	-12.61396	0.00524	-12.32290	0.01030	-11.24650	0.01655	-10.08169	0.01277
53818.09708	-12.61563	0.01913	-12.32112	0.03216	-11.38033	0.01125	-9.95129	0.04914
53818.17329	-12.61001	0.01216	-12.33153	0.01268	-11.31439	0.01820	-10.04250	0.04874
53819.12793	-12.59715	0.01006	-12.33404	0.00949	-11.22221	0.00632	-10.12691	0.02907
53820.14859	-12.59527	0.00857	-12.31256	0.00387	-11.22176	0.01153	-10.08919	0.04989
53821.11456	-12.57829	0.00863	-12.30186	0.01063	-11.20892	0.01006	-10.13810	0.02611
53826.08721	-12.53329	0.00485	-12.24029	0.02667	-11.24672	0.01295	-9.95677	0.03786
53827.23411	-12.55385	0.00425	-12.27276	0.00850	-11.20813	0.01316	-10.20401	0.09738
53828.10401	-12.55430	0.00385	-12.25478	0.02347	-11.22706	0.00815	-10.03294	0.05476
53828.22692	-12.55406	0.00476	-12.25661	0.00458	-11.19196	0.01147	-10.14505	0.02988
53829.12152	-12.54468	0.01184	-12.25253	0.00629	-11.23289	0.02072	-10.14912	0.05327
53831.08343	-12.53453	0.00441	-12.19888	0.00855	-11.23004	0.03601	-9.94893	0.10869
53832.17596	-12.50813	0.01076	-12.20922	0.00767	-11.21719	0.01355	-9.94064	0.04371
53834.12280	-12.51122	0.00550	-12.20627	0.00643	-11.19819	0.02401	-10.18321	0.06363
53840.11895	-12.47254	0.00595	-12.23058	0.00704	-11.10661	0.02426	-10.14835	0.06266
53841.09684	-12.45003	0.00468	-12.19371	0.01052	-11.19849	0.01105	-10.28404	0.04699
53843.21007	-12.48301	0.02857	-12.15494	0.01187	-11.08906	0.01348	-10.25777	0.12629
53844.17458	-12.45440	0.00473	-12.18571	0.00545	-11.08488	0.01031	-10.16525	0.03817
53845.13762	-12.43237	0.02262	-12.16615	0.03817	-11.24339	0.03133	-10.08167	0.13380
53846.09433	-12.43856	0.00476	-12.20107	0.00474	-11.10988	0.03058	-10.14650	0.03215
53847.10427	-12.42552	0.02690	-12.15624	0.01140	-11.06085	0.15833	-10.02443	0.06646
53848.04356	-12.43505	0.00893	-12.18813	0.01043	-11.07970	0.02081	-10.16331	0.04176
53849.07136	-12.42828	0.00511	-12.17140	0.00789	-11.18503	0.02942	-10.18888	0.08751
53850.05195	-12.43160	0.00579	-12.20515	0.00502	-11.10612	0.00940	-10.14163	0.05388
53852.03646	-12.43116	0.00438	-12.17697	0.01905	-11.15804	0.00885	-10.24066	0.02183
53852.06561	-12.45980	0.00660	-12.20797	0.01196	-11.15433	0.01052	-10.19990	0.02677
53854.16049	-12.47844	0.01879	-12.17049	0.00519	-11.12036	0.05040	-10.26270	0.21091
53856.13339	-12.44337	0.00572	-12.21836	0.02113	-11.10541	0.01554	-10.18649	0.02141
53858.04065	-12.48105	0.00466	-12.24727	0.00539	-11.17481	0.01161	-10.14656	0.02928
53861.11667	-12.44454	0.02475	-12.29944	0.00806	-11.15577	0.02712	-10.04490	0.06042
53862.11120	-12.47797	0.02535	-12.27072	0.01463	-11.32613	0.04702	-10.34746	0.12173
53866.07552	-12.48841	0.00961	-12.25600	0.01253	-11.22190	0.03464	-10.15874	0.08190
53868.02580	-12.47185	0.01228	-12.22483	0.02011	-11.20260	0.03642	-9.91239	0.11798
53868.97443	-12.50761	0.00649	-12.26303	0.01020	-11.25735	0.01451	-10.28402	0.02378
53869.00377	-12.52246	0.01648	-12.28959	0.00682	-11.19201	0.02636	-10.14327	0.07081
53871.02490	-12.51025	0.00429	-12.26858	0.00690	-11.23832	0.00770	-10.13846	0.01366
53871.02590	-12.52310	0.00476	-12.27018	0.00613	-11.23047	0.02425	-10.13115	0.03003
53873.00109	-12.53296	0.00385	-12.31679	0.00422	-11.19629	0.00890	-10.28590	0.03979
53873.01782	-12.52812	0.00733	-12.28288	0.00645	-11.20830	0.02200	-10.17931	0.02292
53873.06935	-12.51780	0.00379	-12.28926	0.01308	-11.20529	0.00716	-10.20784	0.03226
53874.96039	-12.51684	0.00928	-12.29934	0.00980	-11.25353	0.01035	-10.19923	0.00876
53874.97279	-12.55307	0.00420	-12.27173	0.00787	-11.27511	0.00774	-10.27782	0.03545
53876.98295	-12.51643	0.01435	-12.28093	0.00293	-11.24456	0.00591	-10.13011	0.01048
53879.98640	-12.50583	0.00483	-12.25772	0.00421	-11.23297	0.01212	-10.07975	0.02465
53881.95323	-12.53725	0.01228	-12.27408	0.02011	-11.23426	0.03642	-10.10370	0.09395
53884.04506	-12.54699	0.01251	-12.30738	0.02400	-11.16860	0.04325	-10.32436	0.06885
53885.95132	-12.53168	0.01859	-12.30650	0.00637	-11.23585	0.01222	-10.12849	0.06989
53889.96205	-12.56856	0.00571	-12.28447	0.01212	-11.22458	0.04284	-9.88227	0.17246
53890.15751	-12.60927	0.00651	-12.31939	0.00773	-11.19429	0.02590	-10.12359	0.31208
53898.03056	-12.61112	0.00556	-12.32895	0.00631	-11.23088	0.02325	-9.99286	0.10610
53900.08266	-12.58950	0.00481	-12.34578	0.00553	-11.17034	0.01189	-9.83706	0.08061
53904.96793	-12.63996	0.00445	-12.34892	0.00490	-11.32961	0.01119	-10.02386	0.02783
53907.04371	-12.60878	0.00748	-12.36162	0.02209	-11.29622	0.00853	-9.84513	0.05361
53908.05432	-12.61933	0.00362	-12.34419	0.00412	-11.19051	0.00775	-9.92539	0.11751
53912.00550	-12.59321	0.00708	-12.34693	0.00470	-11.21730	0.02987	-9.96993	0.02602
53912.97055	-12.59299	0.00715	-12.32742	0.00424	-11.19653	0.01280	-9.90502	0.04212
53915.01136	-12.57230	0.00654	-12.31121	0.01688	-11.20639	0.01288	-9.80753	0.18088
53916.96946	-12.58971	0.00688	-12.28958	0.00550	-11.17387	0.01005	-9.70047	0.10885
53924.98120	-12.63398	0.00619	-12.30631	0.01192	-11.25800	0.01672	-9.82173	0.14166
53927.00130	-12.66432	0.01615	-12.32223	0.01251	-11.29958	0.02694	-10.03688	0.15353
53936.97221	-12.83852	0.01313	-12.45140	0.01607	-11.26605	0.01656	-9.75205	0.09052
54065.32159	-13.39617	0.00242	-12.99782	0.00485	-11.90617	0.01986	-10.40215	0.03816
54071.31264	-13.32340	0.00834	-12.94315	0.01181	-11.93077	0.00975	-10.27494	0.03814
54080.32338	-13.32038	0.00322	-12.90292	0.02010	-11.87728	0.02633	-10.28439	0.07694
54082.23631	-13.30681	0.00220	-12.92960	0.00568	-11.85284	0.01967	-10.32820	0.01525
54084.25196	-13.34855	0.00197	-12.93619	0.00189	-11.86214	0.00478	-10.38592	0.01042
54084.32728	-13.33521	0.00275	-12.91295	0.00640	-11.89249	0.01653	-10.35229	0.04616
54086.34063	-13.37005	0.00282	-12.93836	0.00340	-11.89292	0.03757	-10.28587	0.03581
54087.26809	-13.37781	0.01111	-12.93554	0.00293	-11.85003	0.00956	-10.37476	0.07746
54089.33271	-13.38793	0.00269	-12.93701	0.00846	-11.88846	0.00632	-10.38406	0.02559
54091.31970	-13.39842	0.00237	-12.94221	0.00361	-11.89479	0.01423	-10.40899	0.02730
54093.32220	-13.39579	0.00297	-12.95306	0.01181	-11.82873	0.00535	-10.42649	0.05161
54097.31514	-13.39350	0.00455	-12.93786	0.00435	-11.88758	0.01138	-10.47981	0.05611
54100.30890	-13.35009	0.00405	-12.96135	0.00476	-11.83049	0.00585	-10.44775	0.04603
54103.30143	-13.31846	0.00367	-12.88292	0.00819	-11.86533	0.02799	-10.52602	0.04769
54105.29990	-13.31965	0.00424	-12.87545	0.00494	-11.83800	0.01471	-10.58273	0.04433
54107.31625	-13.29694	0.00496	-12.89909	0.00834	-11.85673	0.00933	-10.59031	0.08073
54110.20578	-13.32648	0.00161	-12.88683	0.00472	-11.80126	0.00422	-10.56497	0.02037
54111.30867	-13.34036	0.00409	-12.86035	0.02952	-11.82966	0.03704	-10.73873	0.04521
54114.25910	-13.31493	0.00880	-12.88162	0.00551	-11.81728	0.01181	-10.67941	0.01402
54117.17463	-13.38609	0.00174	-12.88704	0.00893	-11.81426	0.00559	-10.61097	0.01931
54118.27898	-13.38815	0.00356	-12.90920	0.00971	-11.76790	0.00908	-10.55979	0.05057
54120.19970	-13.39280	0.00240	-12.90663	0.00660	-11.82283	0.01417	-10.60931	0.00742
54121.30419	-13.37564	0.00439	-12.90975	0.00326	-11.80758	0.01442	-10.62374	0.07055
54122.19874	-13.41531	0.00306	-12.92491	0.01115	-11.84545	0.02455	-10.62014	0.03454
54122.21046	-13.42611	0.00372	-12.93405	0.00409	-11.82648	0.00923	-10.60221	0.01359
54125.28344	-13.45792	0.00236	-12.92531	0.00294	-11.90038	0.00506	-10.65848	0.01754
54128.26501	-13.44433	0.00215	-12.93228	0.00276	-11.84880	0.00550	-10.60776	0.06046
54131.20693	-13.45725	0.00298	-12.90961	0.01122	-11.92746	0.01493	-10.62198	0.03844
54135.18774	-13.39526	0.00402	-12.91075	0.00583	-11.88895	0.01297	-10.72525	0.04939
54140.17054	-13.30697	0.00563	-12.86522	0.00377	-11.80984	0.00784	-10.68925	0.07035
54140.18961	-13.31289	0.00578	-12.90432	0.00948	-11.78148	0.00484	-10.62605	0.01141
54142.22173	-13.28887	0.00159	-12.87225	0.00363	-11.73370	0.00945	-10.70328	0.01177
54145.16891	-13.29910	0.00149	-12.86093	0.00244	-11.75956	0.01024	-10.67485	0.00616
54145.28324	-13.29698	0.00220	-12.83676	0.00375	-11.80198	0.01566	-10.73466	0.01482
54147.23897	-13.26809	0.00424	-12.84711	0.02541	-11.80733	0.03832	-10.59391	0.05551
54150.17411	-13.25948	0.00232	-12.82083	0.01208	-11.70009	0.00506	-10.72533	0.02610
54151.27565	-13.20920	0.00794	-12.81508	0.00975	-11.75686	0.02220	-10.62753	0.06037
54153.12399	-13.22536	0.00346	-12.78961	0.00185	-11.72520	0.00679	-10.63443	0.01365
54154.19712	-13.20535	0.00781	-12.82622	0.00354	-11.74732	0.00583	-10.64325	0.14767
54155.27366	-13.22494	0.00381	-12.76895	0.00268	-11.68416	0.00507	-10.64557	0.01502
54158.27218	-13.17921	0.00272	-12.76973	0.00320	-11.71869	0.01201	-10.60345	0.02097
54161.10581	-13.14474	0.00487	-12.77182	0.00961	-11.66520	0.01513	-10.69216	0.04975
54161.23438	-13.16320	0.00409	-12.75792	0.02400	-11.69746	0.01757	-10.69700	0.02796
54166.20242	-13.11099	0.01745	-12.75041	0.02583	-11.74648	0.03657	-10.60415	0.02717
54168.33624	-13.12301	0.00365	-12.68413	0.02093	-11.60878	0.01825	-10.48788	0.11576
54169.12178	-13.13024	0.01108	-12.67635	0.00686	-11.69201	0.00909	-10.59805	0.02493
54172.30712	-13.10696	0.00276	-12.71895	0.00689	-11.65114	0.00621	-10.54561	0.01634
54174.10607	-13.12642	0.00361	-12.70932	0.00307	-11.69749	0.00561	-10.55596	0.01935
54176.27725	-13.13510	0.00422	-12.75624	0.00775	-11.65275	0.00646	-10.57682	0.03557
54179.06917	-13.14783	0.00270	-12.71693	0.00514	-11.69519	0.00687	-10.56790	0.02834
54179.23562	-13.13784	0.00296	-12.75131	0.00864	-11.66408	0.00541	-10.62936	0.02172
54183.12104	-13.12966	0.00239	-12.72547	0.00747	-11.70416	0.00534	-10.61846	0.01692
54197.04422	-13.12619	0.00295	-12.73431	0.00577	-11.66587	0.00862	-10.46365	0.03245
54200.17186	-13.18784	0.00338	-12.76082	0.00911	-11.64671	0.00682	-10.44734	0.02703
54203.08323	-13.21553	0.00170	-12.81718	0.00246	-11.72140	0.01201	-10.54965	0.01753
54203.13172	-13.21379	0.00514	-12.78145	0.00316	-11.70234	0.00551	-10.49566	0.02289
54204.13361	-13.21613	0.00666	-12.78668	0.00548	-11.70742	0.02022	-10.44132	0.02291
54205.21052	-13.21689	0.00284	-12.80899	0.00437	-11.62387	0.01288	-10.42458	0.10034
54207.19723	-13.20829	0.00739	-12.81688	0.00322	-11.64328	0.00649	-10.42570	0.02635
54211.92754	-13.22376	0.00168	-12.83565	0.00193	-11.73063	0.01168	-10.50512	0.00643
54213.00653	-13.19567	0.00888	-12.81360	0.00627	-11.72371	0.00700	-10.53585	0.04620
54216.00781	-13.17970	0.01249	-12.78817	0.00782	-11.78321	0.03926	-10.54670	0.04391
54216.02672	-13.18335	0.00576	-12.83828	0.01050	-11.65756	0.03998	-10.52848	0.01290
54216.08935	-13.17021	0.00524	-12.86124	0.01295	-11.77840	0.01053	-10.44510	0.14319
54227.96021	-13.23291	0.00623	-12.81113	0.01377	-11.66908	0.04345	-10.59126	0.04471
54229.14133	-13.24072	0.00244	-12.81872	0.00560	-11.63441	0.01442	-10.47831	0.02726
54230.06653	-13.22978	0.00244	-12.81804	0.00832	-11.70817	0.00560	-10.48507	0.06451
54231.00689	-13.24632	0.00924	-12.78978	0.00306	-11.78611	0.00548	-10.46582	0.04401
54234.08356	-13.25313	0.00906	-12.84323	0.02228	-11.72002	0.01973	-10.36660	0.03231
54235.06955	-13.27811	0.00396	-12.84461	0.00370	-11.76614	0.00537	-10.53327	0.02004
54235.16014	-13.27410	0.00374	-12.83962	0.01148	-11.70071	0.01371	-10.53457	0.01701
54237.09956	-13.27968	0.00284	-12.90374	0.01575	-11.78852	0.00919	-10.50649	0.03191
54239.13608	-13.34561	0.00436	-12.91381	0.00916	-11.84979	0.00608	-10.45195	0.10301
54243.09036	-13.41995	0.00351	-12.97580	0.00419	-11.78774	0.04370	-10.48375	0.02951
54244.05829	-13.40946	0.00281	-12.97978	0.00724	-11.80986	0.04166	-10.51896	0.09546
54255.05711	-13.50674	0.00257	-13.08526	0.00332	-11.86932	0.00808	-10.38064	0.12605
54261.06484	-13.50159	0.00865	-13.12149	0.01895	-11.92920	0.06657	-10.53922	0.29126
54263.07007	-13.50847	0.00982	-13.15090	0.00325	-11.98811	0.01297	-10.50277	0.08742
54269.02445	-13.51552	0.00274	-13.05185	0.00318	-11.90497	0.00548	-10.49421	0.07681
54272.01867	-13.51014	0.00927	-13.04270	0.01519	-11.82933	0.05580	-10.46194	0.11022
54274.98925	-13.49344	0.00335	-12.98054	0.02489	-11.86310	0.01065	-10.62776	0.14968
54280.02948	-13.44961	0.00380	-13.00265	0.00927	-11.86383	0.00901	-10.38786	0.26116
54284.04099	-13.45730	0.00664	-12.94697	0.01594	-11.86392	0.04174	-10.37251	0.03430
54290.95821	-13.52505	0.00820	-12.99226	0.00447	-11.98808	0.03507	-10.68134	0.19848
54297.00229	-13.53611	0.00282	-13.00070	0.00856	-11.90864	0.01427	-10.46295	0.02044
54300.00612	-13.51680	0.00376	-12.97706	0.00427	-11.88607	0.01522	-10.63302	0.01928
54438.28217	-13.28748	0.00214	-12.60762	0.01707	-11.62891	0.03983	-10.60217	0.02333
54439.26670	-13.26392	0.00229	-12.64226	0.00660	-11.61312	0.01107	-10.55915	0.01016
54447.33178	-13.24465	0.00271	-12.65075	0.00827	-11.65716	0.02367	-10.62412	0.03096
54449.33142	-13.27248	0.00360	-12.61985	0.00517	-11.57642	0.00656	-10.70354	0.04900
54456.24844	-13.23640	0.00656	-12.61271	0.01620	-11.51500	0.01037	-10.79145	0.03176
54456.29768	-13.23319	0.00989	-12.57842	0.02892	-11.68115	0.01785	-10.74218	0.07348
54456.31622	-13.23131	0.00743	-12.60283	0.01219	-11.61770	0.03900	-10.71783	0.02774
54462.29965	-13.22533	0.00339	-12.58230	0.01530	-11.65138	0.02308	-10.81638	0.03240
54472.31522	-13.14213	0.00277	-12.52205	0.00575	-11.45241	0.00637	-10.77411	0.01129
54476.26111	-13.11918	0.00491	-12.49801	0.00454	-11.51679	0.02075	-10.84255	0.02032
54480.32167	-13.16010	0.00565	-12.44944	0.00619	-11.43736	0.00885	-10.83922	0.01213
54485.27822	-13.13295	0.00313	-12.42385	0.00537	-11.57106	0.01237	-10.84882	0.02502
54487.29989	-13.11026	0.00553	-12.44505	0.00754	-11.37066	0.01588	-10.68032	0.10839
54492.27599	-13.08509	0.01210	-12.38215	0.01265	-11.52303	0.02712	-10.80993	0.04117
54494.36273	-13.05692	0.00496	-12.37489	0.03238	-11.26614	0.04098	-10.67271	0.13021
54495.28751	-13.07387	0.00475	-12.36553	0.00564	-11.39654	0.01118	-10.72132	0.01540
54497.25373	-13.03351	0.00741	-12.49272	0.01405	-11.39790	0.02443	-10.80254	0.04026
54501.22336	-13.09133	0.00304	-12.42487	0.00377	-11.44669	0.00699	-10.77154	0.01980
54502.31637	-13.07521	0.00843	-12.42964	0.00576	-11.32375	0.01921	-10.68223	0.04102
54504.20529	-13.07145	0.00856	-12.43744	0.03367	-11.43167	0.04098	-10.78450	0.02023
54507.21133	-13.08954	0.00467	-12.41163	0.00292	-11.37762	0.01121	-10.72808	0.01282
54508.19640	-13.08028	0.00282	-12.43142	0.01115	-11.40469	0.02223	-10.77631	0.01400
54509.16356	-13.07582	0.00405	-12.38116	0.00505	-11.38859	0.01311	-10.67854	0.04496
54510.26386	-13.09038	0.00230	-12.44688	0.00575	-11.41140	0.02270	-10.73089	0.01448
54514.39757	-13.13150	0.00834	-12.50802	0.00918	-11.39286	0.03439	-10.72367	0.04422
54516.17087	-13.16737	0.00535	-12.51766	0.02350	-11.49030	0.02815	-10.68960	0.04376
54516.27018	-13.15163	0.01376	-12.53235	0.00646	-11.38541	0.03449	-10.61787	0.04047
54521.25266	-13.22896	0.00601	-12.53971	0.00804	-11.52826	0.00953	-10.67245	0.03193
54523.22944	-13.21689	0.00347	-12.57766	0.00400	-11.49400	0.01441	-10.68824	0.01793
54524.22613	-13.23505	0.00242	-12.56566	0.01070	-11.55890	0.00752	-10.72356	0.02186
54528.12277	-13.25363	0.00658	-12.61184	0.01242	-11.59659	0.03270	-10.74100	0.01668
54532.19017	-13.29280	0.00248	-12.69355	0.01200	-11.59243	0.01686	-10.66217	0.01945
54534.14829	-13.33152	0.00223	-12.68884	0.01498	-11.59051	0.02358	-10.69276	0.00594
54534.26718	-13.32789	0.00390	-12.65805	0.00706	-11.51597	0.01769	-10.61696	0.05777
54536.25418	-13.35547	0.00305	-12.70915	0.00611	-11.58706	0.01282	-10.61885	0.03242
54539.01877	-13.39992	0.00774	-12.75341	0.00907	-11.63700	0.01708	-10.68054	0.01266
54541.07071	-13.43354	0.00540	-12.76939	0.00608	-11.63453	0.01241	-10.68963	0.00725
54542.17506	-13.42790	0.00365	-12.80737	0.00970	-11.65978	0.00819	-10.76276	0.06473
54543.21337	-13.44625	0.00629	-12.74910	0.01493	-11.69725	0.00954	-10.61822	0.03467
54545.24874	-13.45910	0.00304	-12.80792	0.00644	-11.63610	0.01274	-10.69037	0.04096
54548.09368	-13.49895	0.00680	-12.81128	0.02949	-11.70973	0.04372	-10.76080	0.02838
54548.13710	-13.48561	0.00821	-12.83872	0.00930	-11.76368	0.02493	-10.66800	0.05142
54549.15938	-13.48461	0.00780	-12.85706	0.00535	-11.83691	0.01654	-10.53298	0.05462
54550.21729	-13.50821	0.00232	-12.86913	0.00409	-11.70590	0.01271	-10.67224	0.04948
54551.18959	-13.52368	0.01156	-12.87601	0.00800	-11.76996	0.02281	-10.69135	0.03816
54552.13439	-13.52739	0.00547	-12.85952	0.00870	-11.87831	0.02626	-10.62141	0.02382
54554.22178	-13.54724	0.00270	-12.93415	0.00294	-11.76972	0.00577	-10.65737	0.04141
54557.06407	-13.57381	0.00200	-12.96256	0.00829	-11.74727	0.00634	-10.59316	0.04887
54562.13460	-13.59683	0.00231	-12.93766	0.01203	-11.84170	0.01094	-10.64862	0.01279
54569.20807	-13.60295	0.00334	-12.97953	0.01455	-11.83953	0.00572	-10.60646	0.01977
54573.15448	-13.61917	0.00319	-12.98671	0.00973	-11.82567	0.01453	-10.62800	0.07317
54580.93519	-13.62653	0.00172	-13.01712	0.00289	-11.89107	0.02195	-10.49491	0.01199
54582.14142	-13.62697	0.00294	-13.02948	0.00506	-11.87322	0.00887	-10.44832	0.03543
54582.18897	-13.62434	0.00209	-13.01511	0.00542	-11.87152	0.00641	-10.43061	0.04428
54585.94106	-13.61616	0.00132	-13.07650	0.00630	-11.92127	0.01354	-10.50820	0.03297
54586.94113	-13.63788	0.00214	-13.02390	0.00547	-11.91564	0.01491	-10.46738	0.01788
54587.98210	-13.58721	0.01931	-13.07790	0.03048	-11.97600	0.05880	-10.46660	0.06499
54588.08585	-13.62726	0.00269	-13.02818	0.00439	-11.87083	0.00521	-10.48216	0.01480
54589.10753	-13.63723	0.00289	-13.00364	0.00670	-11.90657	0.00555	-10.49755	0.03452
54589.95533	-13.62785	0.00135	-13.04007	0.00569	-11.88123	0.00641	-10.57549	0.01593
54590.99941	-13.59806	0.00634	-12.98016	0.00505	-11.99381	0.01478	-10.46492	0.03552
54594.12739	-13.60027	0.00379	-12.97690	0.00422	-11.89420	0.01321	-10.57441	0.05068
54595.01232	-13.56540	0.00202	-12.97609	0.01288	-11.97735	0.00805	-10.46572	0.07551
54596.15809	-13.57892	0.00237	-12.98270	0.00305	-11.82510	0.00535	-10.44388	0.03168
54598.98608	-13.51993	0.01661	-13.03091	0.02348	-11.96426	0.02143	-10.51970	0.06945
54606.13792	-13.54219	0.00592	-12.91419	0.01109	-11.79015	0.00983	-10.56991	0.04051
54606.97610	-13.51852	0.01070	-12.90674	0.02247	-11.94452	0.03375	-10.57535	0.03739
54608.06067	-13.53175	0.00219	-12.87289	0.00638	-11.78263	0.01005	-10.60432	0.03856
54608.07731	-13.54559	0.00246	-12.92605	0.00369	-11.79774	0.00705	-10.65170	0.01971
54611.93471	-13.49584	0.00443	-12.90266	0.00228	-11.84994	0.01315	-10.63351	0.03564
54617.98807	-13.46273	0.00240	-12.88517	0.01246	-11.80053	0.02436	-10.71809	0.10750
54618.91540	-13.47672	0.00449	-12.88206	0.00688	-11.77609	0.01733	-10.70232	0.03025
54623.89594	-13.50607	0.00485	-12.89613	0.00511	-11.78490	0.01223	-10.75584	0.01146
54626.02596	-13.47528	0.01228	-12.96796	0.02011	-11.75615	0.03642	-10.86261	0.09395
54630.95149	-13.53829	0.00162	-12.91692	0.01280	-11.73914	0.01763	-10.92994	0.01851
54632.96190	-13.52904	0.00459	-12.90842	0.00753	-11.80865	0.01548	-10.87716	0.03989
54633.01341	-13.52976	0.00436	-12.87561	0.01299	-11.75986	0.01415	-10.92388	0.02709
54639.01726	-13.52149	0.00197	-12.90388	0.00712	-11.80295	0.01507	-10.97443	0.01551
54639.05402	-13.52043	0.00561	-12.94064	0.01528	-11.89927	0.01909	-11.02616	0.07988
54643.04598	-13.56451	0.01429	-12.92307	0.01876	-11.79732	0.01384	-11.03170	0.01358
54643.96976	-13.55136	0.00906	-12.92684	0.01102	-11.81629	0.01375	-10.98125	0.01815
54647.03992	-13.58202	0.00885	-12.93666	0.00492	-11.79786	0.01964	-11.17905	0.02797
54647.97298	-13.58483	0.00434	-12.91498	0.00921	-11.81315	0.01593	-11.03736	0.02423
54653.01841	-13.56891	0.00529	-12.94648	0.00453	-11.77883	0.02801	-11.05751	0.01554
54654.01535	-13.56407	0.01161	-12.91867	0.01388	-11.79073	0.01314	-11.11957	0.01386
54658.01400	-13.51288	0.01134	-12.91990	0.01132	-11.73757	0.01194	-11.07379	0.03486
54658.01619	-13.53987	0.00763	-12.86708	0.00660	-11.77769	0.01310	-11.16668	0.02443
54661.98977	-13.48683	0.00393	-12.80350	0.00415	-11.69014	0.01054	-11.13971	0.01852
54664.96583	-13.44456	0.01228	-12.80433	0.02011	-11.69976	0.03642	-11.23579	0.09395
54684.96889	-13.45371	0.00562	-12.73068	0.01594	-11.65474	0.04343	-11.16750	0.07215
54802.32050	-14.01868	0.00346	-13.08626	0.01062	-12.01259	0.01837	-11.16237	0.00983
54806.33211	-14.02680	0.00460	-13.11674	0.00449	-11.99896	0.02073	-11.11752	0.04257
54809.29566	-13.99518	0.00447	-13.10901	0.00490	-12.00727	0.02508	-11.18776	0.03954
54813.32802	-13.96677	0.00626	-13.08761	0.00913	-11.95842	0.01881	-11.25371	0.03097
54813.35421	-13.96591	0.00210	-13.10784	0.00624	-11.92463	0.00922	-11.32487	0.01877
54817.34453	-13.89860	0.00265	-13.08569	0.00582	-11.82413	0.00910	-11.29088	0.02219
54820.32734	-13.89249	0.00477	-13.01944	0.00532	-11.90750	0.02268	-11.33075	0.01280
54823.27020	-13.90029	0.00441	-13.00328	0.01139	-11.92704	0.00631	-11.31597	0.01447
54823.29837	-13.89251	0.00243	-13.01723	0.01616	-11.94175	0.00945	-11.33403	0.03083
54827.34618	-13.91533	0.00532	-12.95870	0.00752	-11.93954	0.00862	-11.36785	0.04041
54828.31656	-13.90226	0.00164	-13.06408	0.00521	-11.89002	0.00916	-11.39969	0.01750
54830.35272	-13.91213	0.00844	-13.09733	0.01176	-12.00687	0.02809	-11.41982	0.00947
54833.34028	-13.92585	0.00304	-13.08317	0.00638	-12.01999	0.02293	-11.46548	0.00943
54837.30908	-13.96990	0.00398	-13.10218	0.00441	-11.98977	0.01536	-11.48271	0.00989
54837.34065	-13.95973	0.00678	-13.16118	0.01106	-12.00862	0.01395	-11.50237	0.00826
54840.28046	-14.02424	0.00499	-13.07117	0.00927	-12.01914	0.02225	-11.56742	0.01161
54841.25296	-14.01765	0.00223	-13.16104	0.00390	-12.03316	0.00910	-11.58009	0.01773
54845.24720	-13.99383	0.00468	-13.12590	0.00860	-11.97396	0.03228	-11.61942	0.03974
54852.31923	-13.89571	0.00315	-13.10706	0.00359	-11.94539	0.00516	-11.64916	0.01037
54853.24006	-13.86424	0.00313	-13.08895	0.01007	-11.93510	0.02995	-11.55923	0.00846
54856.23183	-13.90393	0.00448	-13.04468	0.00767	-11.93399	0.01315	-11.57264	0.00760
54860.24672	-13.89821	0.00219	-13.03349	0.00290	-11.90129	0.00487	-11.51969	0.00737
54864.33127	-13.91075	0.00348	-13.06657	0.01750	-11.92304	0.01904	-11.51957	0.00733
54867.25706	-13.94673	0.00198	-13.09844	0.00267	-11.94560	0.01568	-11.56552	0.01210
54868.27337	-13.93978	0.00283	-13.09190	0.00342	-11.89237	0.00558	-11.53947	0.00722
54869.21662	-13.94563	0.00213	-13.08627	0.00363	-11.92311	0.00747	-11.57290	0.01167
54871.28294	-13.96022	0.00630	-13.11009	0.01330	-11.90991	0.03073	-11.53380	0.01849
54876.22522	-13.93181	0.00290	-13.07656	0.00525	-11.93655	0.03537	-11.54190	0.01347
54876.33822	-13.93625	0.00211	-13.09317	0.01232	-11.85509	0.00924	-11.51690	0.01465
54877.22162	-13.91631	0.00412	-13.17153	0.00728	-11.87722	0.02052	-11.53975	0.01272
54878.25318	-13.95273	0.00311	-13.10506	0.00521	-11.97196	0.01010	-11.58608	0.00886
54883.33382	-14.01250	0.00511	-13.09865	0.00623	-11.95888	0.00632	-11.49630	0.02273
54888.15854	-14.01075	0.00326	-13.11718	0.01077	-12.08514	0.02515	-11.59491	0.02030
54890.22691	-14.00395	0.00314	-13.14332	0.00464	-12.01150	0.00624	-11.65352	0.01725
54892.24913	-13.99491	0.01228	-13.16320	0.02011	-11.96285	0.03642	-11.67203	0.09395
54894.27044	-14.01113	0.00347	-13.16492	0.03153	-11.99231	0.00937	-11.61500	0.03543
54895.18233	-14.01027	0.00272	-13.14695	0.00328	-11.96767	0.00681	-11.64056	0.00643
54896.25915	-14.03372	0.00573	-13.11685	0.00789	-11.99869	0.00707	-11.66043	0.01148
54899.18044	-14.06244	0.00285	-13.14475	0.00692	-12.11672	0.00836	-11.60505	0.02619
54903.19516	-14.03283	0.00271	-13.19252	0.01115	-11.99546	0.01159	-11.63345	0.01855
54903.24730	-14.05468	0.00597	-13.19460	0.00605	-12.03829	0.01240	-11.53431	0.09154
54904.14648	-14.04801	0.00313	-13.11243	0.00579	-12.10868	0.04899	-11.57111	0.01697
54905.16718	-14.03735	0.00215	-13.15398	0.00320	-12.04020	0.01964	-11.51292	0.01183
54905.23134	-14.03847	0.00361	-13.17087	0.00539	-11.96364	0.01657	-11.52999	0.01153
54906.16951	-14.04270	0.00553	-13.16212	0.03152	-12.04913	0.02665	-11.51655	0.01349
54907.17707	-14.03274	0.00190	-13.13787	0.01918	-12.07896	0.01698	-11.45960	0.01017
54908.15560	-14.01773	0.00758	-13.16918	0.02763	-12.04887	0.03536	-11.47983	0.02552
54910.16572	-14.03933	0.01069	-13.15827	0.01235	-12.05092	0.03836	-11.45241	0.00932
54912.24388	-14.02732	0.00254	-13.13200	0.00717	-11.98050	0.00987	-11.44760	0.00685
54914.20051	-14.03523	0.00331	-13.16307	0.00775	-12.03115	0.02199	-11.43221	0.03395
54915.26307	-14.02843	0.00288	-13.14625	0.00517	-11.97007	0.00533	-11.44864	0.01331
54918.20524	-13.98952	0.00206	-13.18080	0.00266	-11.98275	0.00458	-11.45192	0.00664
54919.12985	-13.98053	0.00693	-13.17911	0.01162	-12.04284	0.02612	-11.46746	0.00904
54922.17138	-13.94922	0.00373	-13.19128	0.00563	-12.00326	0.00552	-11.51808	0.01001
54924.13994	-13.95172	0.00652	-13.20726	0.02728	-11.98242	0.04432	-11.53333	0.00992
54926.07451	-13.97868	0.00218	-13.17497	0.00686	-12.01200	0.01437	-11.57090	0.02298
54927.16762	-14.00264	0.00612	-13.12370	0.00502	-11.98848	0.00951	-11.54652	0.01483
54932.15999	-14.03461	0.00253	-13.16617	0.00635	-12.02279	0.01763	-11.66447	0.01482
54933.22171	-14.05006	0.01987	-13.16966	0.03051	-11.96806	0.00864	-11.64274	0.03299
54934.12531	-14.06095	0.00201	-13.16730	0.01366	-12.03466	0.02426	-11.62648	0.01093
54937.14927	-14.06264	0.01228	-13.20268	0.02011	-11.92131	0.03642	-11.57599	0.09395
54940.08743	-14.12135	0.00301	-13.14267	0.01346	-12.04046	0.02416	-11.54506	0.01329
54943.08560	-14.17496	0.00170	-13.13002	0.00258	-11.97340	0.00481	-11.52539	0.00673
54945.07509	-14.16458	0.00566	-13.24654	0.01203	-11.94109	0.01271	-11.46394	0.01448
54950.09799	-14.22457	0.00424	-13.20018	0.01431	-11.98639	0.00501	-11.52490	0.00694
54950.17638	-14.22821	0.00611	-13.18074	0.00748	-12.00544	0.03176	-11.54497	0.01930
54960.99061	-14.30584	0.00820	-13.30229	0.00873	-11.93819	0.03718	-11.59546	0.02249
54965.15498	-14.22680	0.00900	-13.22645	0.00741	-11.96921	0.04442	-11.52061	0.00946
54965.98509	-14.20479	0.00689	-13.23215	0.03201	-12.02618	0.05108	-11.53483	0.01639
54972.02523	-14.12881	0.00526	-13.12789	0.01396	-11.99144	0.03199	-11.60766	0.01685
54972.11002	-14.15171	0.00582	-13.14494	0.00472	-11.95537	0.00658	-11.64086	0.01036
54978.00158	-14.13390	0.00283	-13.13345	0.00877	-11.99136	0.01268	-11.61867	0.00736
54985.10084	-14.23342	0.00427	-13.18503	0.02417	-11.95727	0.01046	-11.66215	0.01434
54990.08953	-14.24412	0.00190	-13.17795	0.02891	-11.82176	0.09475	-11.69620	0.02288
54991.97393	-14.26377	0.00426	-13.16689	0.03881	-12.13611	0.01384	-11.72654	0.01194
54994.08028	-14.26761	0.00188	-13.15884	0.01678	-12.08247	0.01533	-11.69015	0.00843
54997.96471	-14.27981	0.01023	-13.32408	0.05480	-11.87562	0.05617	-11.69607	0.01190
55011.96192	-14.21294	0.01272	-13.28256	0.05352	-11.90408	0.04715	-11.76856	0.05260
55018.96869	-14.22559	0.00776	-13.16074	0.02052	-11.90366	0.05021	-11.69419	0.01324
55020.97843	-14.19637	0.00200	-13.17980	0.01031	-11.90531	0.03274	-11.64657	0.01592
55022.97300	-14.15463	0.01251	-13.18337	0.02400	-11.85696	0.04325	-11.69918	0.06885
55031.96393	-14.13370	0.00235	-13.18194	0.03805	-12.00296	0.03756	-11.76866	0.01259
55036.95972	-14.21746	0.01251	-13.16419	0.02400	-11.96380	0.04325	-11.86565	0.06885
55176.34758	-14.25143	0.00805	-13.11600	0.00337	-12.02100	0.00611	-11.88213	0.00680
55183.33947	-14.32406	0.00298	-13.17070	0.00354	-12.02830	0.01763	-11.87276	0.00567
55190.32885	-14.35859	0.00241	-13.21342	0.00886	-12.09193	0.00429	-11.78151	0.01130
55199.27741	-14.37397	0.00400	-13.29263	0.05495	-12.12419	0.02265	-11.66606	0.04458
55200.30873	-14.37158	0.00281	-13.28366	0.00974	-12.12261	0.02169	-11.62012	0.01259
55203.33915	-14.37120	0.00406	-13.25292	0.00602	-12.15871	0.00647	-11.62278	0.01143
55207.31049	-14.29149	0.00222	-13.19823	0.01482	-12.21137	0.01944	-11.60051	0.01295
55207.31062	-14.26636	0.00603	-13.19984	0.01057	-12.10360	0.00718	-11.57470	0.01214
55211.25642	-14.24884	0.00171	-13.16833	0.01127	-12.20827	0.01290	-11.52734	0.01135
55214.29951	-14.17480	0.00269	-13.21796	0.00641	-12.06333	0.02152	-11.52251	0.01092
55215.25190	-14.18746	0.00195	-13.13182	0.01558	-12.13647	0.02421	-11.53350	0.01412
55219.26207	-14.15667	0.00218	-13.13403	0.00798	-12.10811	0.01971	-11.52177	0.00915
55222.28528	-14.13879	0.00398	-13.13739	0.00440	-12.06290	0.01115	-11.57112	0.00726
55231.30763	-14.10300	0.00537	-13.10219	0.01492	-12.07315	0.00752	-11.62549	0.02426
55234.29809	-14.07474	0.00484	-13.04624	0.00550	-11.96986	0.01084	-11.62644	0.00837
55235.24052	-14.04899	0.00238	-13.04328	0.01794	-12.07110	0.02014	-11.68579	0.00728
55239.19003	-13.98756	0.00222	-13.06210	0.00987	-12.04521	0.00991	-11.69570	0.01609
55241.27325	-14.00916	0.00313	-13.06711	0.00350	-11.97787	0.01211	-11.65901	0.02862
55242.26529	-14.00876	0.00404	-13.08377	0.00620	-12.02306	0.00561	-11.66956	0.00861
55243.26747	-14.01635	0.00195	-13.05260	0.00268	-12.02211	0.00700	-11.63587	0.00659
55244.25723	-14.03564	0.00648	-13.05108	0.00716	-12.01546	0.00428	-11.64814	0.00604
55246.20328	-14.02402	0.00294	-13.03661	0.00361	-12.01893	0.01330	-11.60304	0.00999
55247.23164	-14.02417	0.00291	-13.05478	0.00287	-11.96741	0.01602	-11.58794	0.00793
55247.38038	-14.02840	0.01228	-13.05359	0.02011	-11.97117	0.03642	-11.57694	0.09395
55248.17500	-14.01442	0.00208	-13.03075	0.00288	-12.02851	0.01569	-11.57564	0.00927
55248.18362	-14.03032	0.00295	-13.04361	0.00411	-12.00597	0.00532	-11.58359	0.01750
55249.25556	-14.00781	0.00208	-13.02045	0.00329	-11.99161	0.00472	-11.55075	0.00728
55250.21100	-13.99549	0.00262	-13.04328	0.00515	-11.96038	0.00882	-11.56729	0.00786
55251.19317	-13.97989	0.00215	-13.03339	0.01299	-11.97428	0.00812	-11.55643	0.00941
55252.27459	-13.95816	0.00210	-13.03476	0.00513	-11.92070	0.00783	-11.49519	0.05191
55253.24785	-13.94720	0.00329	-13.03764	0.01824	-11.92082	0.03234	-11.56543	0.01415
55254.13982	-13.92299	0.00264	-12.97712	0.00837	-11.95621	0.02334	-11.56114	0.02457
55254.19336	-13.91076	0.00642	-13.01610	0.00660	-11.99420	0.01961	-11.53681	0.01357
55255.17759	-13.89930	0.00306	-12.96244	0.00604	-11.93661	0.03575	-11.54265	0.02276
55259.18410	-13.81233	0.00412	-12.91982	0.01428	-11.87179	0.00852	-11.52695	0.02217
55261.23586	-13.76408	0.00604	-13.06721	0.01288	-11.77748	0.04295	-11.58198	0.03848
55263.24311	-13.80698	0.00209	-12.90137	0.00306	-11.90140	0.02113	-11.48249	0.02180
55267.10584	-13.84432	0.00645	-12.89816	0.01469	-11.91389	0.00582	-11.57168	0.02604
55268.20414	-13.82436	0.00371	-12.95218	0.00423	-11.84333	0.01390	-11.57518	0.01173
55271.19899	-13.80206	0.00255	-12.87850	0.01885	-11.88871	0.03178	-11.60635	0.00719
55272.18421	-13.80077	0.00538	-12.88044	0.00527	-11.84870	0.01236	-11.63368	0.00961
55273.24417	-13.78789	0.00697	-12.92296	0.00335	-11.82282	0.02311	-11.61317	0.01301
55274.19791	-13.79588	0.00188	-12.85377	0.00948	-11.86544	0.01159	-11.63148	0.00699
55275.14155	-13.77376	0.00227	-12.87421	0.00317	-11.87696	0.02022	-11.64572	0.00794
55276.15082	-13.76851	0.00238	-12.87318	0.00684	-11.83766	0.00878	-11.67166	0.01208
55278.16187	-13.74220	0.00594	-12.83459	0.01758	-11.85913	0.00527	-11.64415	0.00706
55280.13151	-13.72790	0.00238	-12.81803	0.00381	-11.86626	0.01858	-11.67165	0.01805
55280.23811	-13.71757	0.00729	-12.86066	0.00381	-11.81523	0.00732	-11.70075	0.00656
55281.09327	-13.73182	0.00445	-12.79031	0.00761	-11.87619	0.00807	-11.71777	0.01712
55282.11010	-13.72218	0.00241	-12.77292	0.00548	-11.88942	0.00942	-11.73028	0.01572
55290.15996	-13.76741	0.00285	-12.82858	0.00377	-11.82582	0.00999	-11.75961	0.00685
55291.14184	-13.75061	0.00397	-12.82133	0.00553	-11.84317	0.00956	-11.74964	0.00628
55295.13594	-13.69172	0.00315	-12.80861	0.00372	-11.81424	0.01096	-11.71927	0.00608
55297.13357	-13.66321	0.00237	-12.84065	0.01095	-11.75859	0.00544	-11.72143	0.00567
55299.12367	-13.64533	0.00252	-12.77952	0.01339	-11.83602	0.03790	-11.64734	0.03587
55304.07921	-13.59468	0.00339	-12.77104	0.00680	-11.78567	0.00633	-11.61702	0.00728
55304.09454	-13.58896	0.00224	-12.82017	0.00568	-11.71340	0.01572	-11.61501	0.00863
55308.11035	-13.60628	0.00394	-12.76776	0.00487	-11.78443	0.00732	-11.55064	0.01853
55313.06878	-13.56380	0.01228	-12.77505	0.02011	-11.70854	0.03642	-11.59621	0.09395
55314.07622	-13.55150	0.00581	-12.83272	0.00800	-11.74847	0.01826	-11.61613	0.02536
55317.11176	-13.52712	0.01140	-12.79865	0.00529	-11.68592	0.01588	-11.66314	0.01367
55321.09059	-13.45887	0.00234	-12.69954	0.00522	-11.66190	0.02420	-11.46160	0.01073
55324.04611	-13.42149	0.00595	-12.68795	0.00395	-11.66856	0.03842	-11.45450	0.01366
55325.09809	-13.42653	0.00273	-12.69333	0.02005	-11.62835	0.00645	-11.47198	0.00951
55335.06438	-13.33158	0.00585	-12.59153	0.00409	-11.59840	0.01249	-11.42066	0.00839
55335.07069	-13.33981	0.00212	-12.58437	0.00601	-11.51066	0.01397	-11.40871	0.00871
55337.06403	-13.34126	0.01251	-12.59173	0.02400	-11.48930	0.04325	-11.33630	0.06885
55341.01169	-13.32096	0.00470	-12.51358	0.01883	-11.64696	0.01275	-11.37070	0.02976
55341.03914	-13.31417	0.00954	-12.56379	0.00501	-11.54574	0.01087	-11.36748	0.01595
55341.96571	-13.32149	0.00727	-12.52764	0.01541	-11.65048	0.01447	-11.39264	0.01969
55346.98996	-13.42524	0.01102	-12.58413	0.01612	-11.62003	0.02110	-11.33121	0.00961
55347.02560	-13.41598	0.00392	-12.63853	0.00514	-11.50221	0.07918	-11.29142	0.01441
55348.04061	-13.43415	0.00205	-12.64407	0.00984	-11.52689	0.03116	-11.28941	0.02150
55354.00139	-13.46675	0.00346	-12.59349	0.00917	-11.58538	0.01963	-11.21635	0.00870
55364.01347	-13.49805	0.00618	-12.64889	0.01677	-11.59124	0.03884	-11.18657	0.03148
55364.98515	-13.50202	0.01370	-12.66879	0.00637	-11.63825	0.01099	-11.18334	0.01734
55372.96206	-13.49381	0.00346	-12.64938	0.00667	-11.58977	0.02069	-11.08855	0.03013
55373.00753	-13.47699	0.01615	-12.74420	0.00878	-11.59114	0.01338	-11.26486	0.08858
55378.01064	-13.44676	0.00269	-12.68053	0.00901	-11.46375	0.02382	-11.13018	0.02201
55381.01782	-13.44386	0.00899	-12.63776	0.01760	-11.60753	0.04177	-11.14718	0.03177
55384.98159	-13.51908	0.00901	-12.68223	0.01388	-11.51589	0.04654	-11.10518	0.01992
55388.99518	-13.57064	0.00216	-12.75219	0.01895	-11.57174	0.03304	-11.01163	0.01625
55389.98641	-13.56739	0.00873	-12.74068	0.00385	-11.71030	0.02208	-11.14146	0.01186
55399.96595	-13.63409	0.00862	-12.81673	0.00727	-11.50977	0.02084	-10.96368	0.03648
55526.34754	-13.56236	0.00262	-12.66237	0.00551	-11.62740	0.01628	-10.92823	0.00947
55544.34824	-13.48293	0.00495	-12.64149	0.00391	-11.59620	0.00873	-11.07805	0.00973
55551.32344	-13.36964	0.01028	-12.56320	0.01626	-11.56472	0.02812	-11.12795	0.05163
55555.30733	-13.29298	0.00209	-12.52886	0.00464	-11.55717	0.01813	-11.10163	0.00860
55564.33050	-13.21237	0.00134	-12.44598	0.00209	-11.43892	0.01182	-10.93868	0.00810
55566.33720	-13.18591	0.00305	-12.42862	0.00486	-11.47221	0.01097	-10.91621	0.00639
55569.34519	-13.20930	0.00418	-12.43502	0.01695	-11.50133	0.01975	-10.88959	0.00783
55573.32614	-13.18635	0.00460	-12.42098	0.00321	-11.44335	0.00362	-10.91709	0.00506
55576.24796	-13.16852	0.00192	-12.40313	0.00485	-11.41266	0.01029	-10.98875	0.00625
55581.37071	-13.11434	0.00433	-12.35644	0.00426	-11.36294	0.00918	-10.96832	0.01287
55589.33059	-13.14803	0.00187	-12.40574	0.00378	-11.38715	0.02008	-10.88994	0.01260
55597.24868	-13.17247	0.00203	-12.43389	0.00242	-11.41403	0.00492	-10.90447	0.00523
55600.28048	-13.19151	0.00336	-12.44754	0.00318	-11.43747	0.01150	-10.93923	0.01048
55601.21288	-13.18556	0.00357	-12.45057	0.00263	-11.43639	0.00389	-10.93803	0.00750
55607.16818	-13.27950	0.00391	-12.46276	0.01031	-11.61661	0.01394	-10.98558	0.02073
55615.19397	-13.41890	0.00212	-12.62487	0.00257	-11.53257	0.00506	-10.97344	0.01674
55619.25256	-13.44081	0.01028	-12.65545	0.01626	-11.55086	0.02812	-10.98115	0.05163
55637.15877	-13.47014	0.01028	-12.70081	0.01626	-11.61408	0.02812	-10.99141	0.05163
55638.08004	-13.43088	0.00422	-12.66436	0.01377	-11.62468	0.01340	-10.87801	0.02844
55642.11915	-13.44287	0.00229	-12.68158	0.00501	-11.65908	0.00615	-10.88929	0.01134
55646.10294	-13.43434	0.00300	-12.69562	0.00266	-11.60552	0.00720	-10.81340	0.01185
55650.13266	-13.40968	0.00158	-12.70883	0.00264	-11.64334	0.00749	-10.75155	0.01217
55656.10847	-13.42739	0.00596	-12.72280	0.00239	-11.70357	0.01312	-10.63427	0.00921
55662.15372	-13.47729	0.00226	-12.76182	0.00828	-11.72604	0.00682	-10.68088	0.00814
55671.14476	-13.41040	0.00241	-12.78024	0.00679	-11.67030	0.00484	-10.59500	0.01996
55674.19637	-13.42312	0.00233	-12.76195	0.00701	-11.68622	0.00797	-10.60443	0.00961
55682.15112	-13.41594	0.00241	-12.76601	0.00305	-11.67177	0.00600	-10.62484	0.00785
55686.16105	-13.43668	0.00144	-12.78153	0.00188	-11.68080	0.01148	-10.67018	0.00993
55693.07049	-13.40433	0.00300	-12.71459	0.00291	-11.64692	0.00998	-10.72565	0.00912
55696.08842	-13.34907	0.00323	-12.65568	0.01511	-11.59197	0.01045	-10.71713	0.02523
55708.02649	-13.18860	0.00380	-12.57121	0.00557	-11.56120	0.00649	-10.88982	0.01142
55714.05971	-13.19575	0.00465	-12.57025	0.01056	-11.55356	0.00380	-10.92289	0.00980
55716.02280	-13.21076	0.00494	-12.54906	0.00637	-11.55025	0.00920	-10.94918	0.01303
55723.99252	-13.13476	0.00492	-12.49180	0.00701	-11.45709	0.00895	-10.94273	0.01046
55724.99987	-13.13957	0.00343	-12.47607	0.00282	-11.47752	0.01744	-10.96017	0.00983
55735.98634	-13.01628	0.00295	-12.42993	0.00364	-11.41947	0.00978	-10.95002	0.00513
55739.99849	-13.00924	0.01028	-12.39566	0.01626	-11.46554	0.02812	-10.89455	0.05163
55742.01697	-12.98647	0.00556	-12.40098	0.00562	-11.39395	0.00510	-10.94642	0.00865
55748.96218	-12.93736	0.00933	-12.26060	0.08657	-11.54165	0.11679	-10.87145	0.03792
55751.97188	-12.91727	0.00767	-12.31183	0.00442	-11.39007	0.02242	-10.97996	0.03105
55755.96486	-12.89549	0.01803	-12.18630	0.04129	-11.36712	0.01662	-11.03929	0.02227
55759.95947	-12.78829	0.01028	-12.26289	0.01626	-11.14485	0.02812	-11.05992	0.05163
55764.97055	-12.74596	0.00961	-12.15697	0.00429	-11.22781	0.00937	-10.98936	0.00839
55916.35114	-13.03002	0.00252	-12.60379	0.00205	-11.53550	0.00765	-10.53224	0.01494
55922.32498	-13.03585	0.00493	-12.66169	0.00184	-11.56192	0.00329	-10.51239	0.00648
55925.33692	-13.05747	0.00518	-12.61906	0.00382	-11.61142	0.00579	-10.54980	0.01256
55928.27410	-13.04374	0.00436	-12.59608	0.00219	-11.58095	0.00426	-10.58551	0.00906
55931.28851	-13.03355	0.00470	-12.60648	0.00449	-11.56717	0.00384	-10.62034	0.01826
55937.32290	-13.02159	0.00232	-12.57768	0.00443	-11.55601	0.00688	-10.74238	0.01338
55943.29040	-12.98771	0.00244	-12.50293	0.00262	-11.50188	0.00463	-10.65807	0.00795
55947.33537	-12.94858	0.00589	-12.41849	0.00962	-11.48368	0.00402	-10.61270	0.01382
55950.31272	-12.90397	0.00497	-12.37040	0.00974	-11.44189	0.00462	-10.54443	0.02717
55955.32623	-12.87538	0.00259	-12.39101	0.00482	-11.44122	0.01966	-10.45908	0.01159
55959.26239	-12.89278	0.00186	-12.45341	0.00386	-11.48310	0.00379	-10.43167	0.00811
55962.25597	-12.89960	0.00288	-12.44951	0.01312	-11.49407	0.01391	-10.36293	0.01378
55973.19897	-12.86352	0.00334	-12.39499	0.00277	-11.41272	0.00605	-10.44320	0.01697
55977.26472	-12.85188	0.00454	-12.35956	0.00513	-11.39842	0.01064	-10.49256	0.01541
55981.14885	-12.82473	0.00560	-12.35799	0.00225	-11.38617	0.01359	-10.54460	0.01122
55985.13541	-12.80740	0.00358	-12.32050	0.00385	-11.36354	0.02099	-10.60231	0.00780
55991.23998	-12.77161	0.00297	-12.31555	0.00401	-11.33454	0.00983	-10.65870	0.01554
55998.24920	-12.80060	0.00206	-12.35573	0.00364	-11.34321	0.00564	-10.69770	0.00958
56003.24699	-12.82349	0.00585	-12.36107	0.01478	-11.37074	0.01062	-10.75506	0.01982
56007.20721	-12.83028	0.00648	-12.36910	0.00555	-11.36491	0.01748	-10.71245	0.01351
56011.17142	-12.82942	0.00305	-12.36636	0.00545	-11.40117	0.00440	-10.69126	0.00814
56015.18246	-12.82657	0.00234	-12.36534	0.01654	-11.35561	0.00542	-10.73572	0.00910
56018.16610	-12.83699	0.00643	-12.35508	0.00746	-11.35936	0.01003	-10.75125	0.00874
56019.17352	-12.81075	0.00561	-12.32525	0.00744	-11.32514	0.01330	-10.72396	0.02269
56028.08724	-12.78505	0.00200	-12.35221	0.00732	-11.38515	0.00458	-10.73685	0.01502
56029.18727	-12.79239	0.00396	-12.35075	0.00597	-11.34691	0.00466	-10.71351	0.01853
56033.12395	-12.77649	0.00184	-12.34488	0.00781	-11.35455	0.00478	-10.68088	0.01187
56038.07145	-12.76560	0.00415	-12.34382	0.00266	-11.32473	0.01455	-10.56283	0.01436
56047.97155	-12.79324	0.00263	-12.38641	0.00351	-11.37288	0.00885	-10.46427	0.02561
56053.04443	-12.78159	0.00372	-12.33553	0.00527	-11.38224	0.01185	-10.58776	0.02392
56058.12615	-12.73491	0.00658	-12.28724	0.00329	-11.28450	0.00694	-10.55377	0.01506
56062.01758	-12.69127	0.00465	-12.28160	0.00470	-11.31493	0.00509	-10.51052	0.01799
56065.96272	-12.69095	0.00254	-12.29054	0.00468	-11.31762	0.00947	-10.47818	0.01259
56070.04813	-12.68059	0.00597	-12.29417	0.00937	-11.28210	0.01925	-10.46728	0.01297
56074.99059	-12.67043	0.00219	-12.27480	0.00616	-11.33153	0.00535	-10.42883	0.01218
56086.02488	-12.69045	0.00277	-12.27481	0.00298	-11.30876	0.00411	-10.38788	0.00825
56096.05809	-12.66942	0.00274	-12.24343	0.00390	-11.31620	0.01266	-10.43057	0.01599
56098.00593	-12.66518	0.00685	-12.28249	0.00420	-11.27881	0.00913	-10.45655	0.01273
56101.96253	-12.68887	0.00668	-12.29378	0.00621	-11.28459	0.00676	-10.44950	0.01293
56108.97994	-12.71320	0.00332	-12.32591	0.00439	-11.29526	0.01475	-10.52856	0.02958
56113.97444	-12.72400	0.00297	-12.34350	0.00758	-11.29372	0.00671	-10.42347	0.02213
56117.96854	-12.72321	0.00815	-12.34377	0.00768	-11.30690	0.01899	-10.39121	0.02529
56124.96468	-12.69559	0.00581	-12.29516	0.01791	-11.26810	0.00977	-10.35802	0.01466
56267.34322	-12.28997	0.00364	-11.91439	0.00988	-11.00629	0.03543	-10.08206	0.04722
56271.34950	-12.28474	0.00320	-11.91954	0.00381	-10.99409	0.00702	-10.06078	0.05544
56274.35550	-12.29826	0.01166	-11.91320	0.00933	-10.96191	0.02212	-10.00663	0.02514
56276.34052	-12.30574	0.00840	-11.91974	0.01089	-10.99584	0.00619	-10.10637	0.01722
56280.35013	-12.28761	0.00315	-11.90845	0.00726	-11.01110	0.00763	-9.97910	0.06291
56284.33132	-12.30144	0.01092	-11.93185	0.00598	-11.02294	0.01809	-10.00776	0.01320
56286.35182	-12.30849	0.00720	-11.97331	0.01050	-11.00727	0.00493	-10.01849	0.01580
56290.35130	-12.33314	0.00629	-11.97085	0.01144	-11.04260	0.00819	-10.04188	0.01933
56299.33766	-12.34083	0.01135	-12.02370	0.01450	-11.09753	0.02303	-10.06862	0.02584
56305.32283	-12.41129	0.00395	-12.11547	0.00429	-11.14191	0.01424	-10.14786	0.02485
56309.32446	-12.46615	0.01028	-12.17290	0.01626	-11.19301	0.02812	-10.21061	0.05163
56314.22193	-12.49748	0.00887	-12.21882	0.01524	-11.22318	0.02142	-10.16496	0.03106
56318.24316	-12.53835	0.00954	-12.25538	0.01344	-11.25756	0.02486	-10.29418	0.03493
56320.23311	-12.53933	0.00409	-12.26488	0.01482	-11.27368	0.01373	-10.14815	0.02913
56329.27359	-12.61820	0.00313	-12.32611	0.01252	-11.29319	0.00687	-10.04985	0.01953
56333.36670	-12.60811	0.00631	-12.33285	0.00760	-11.30039	0.01152	-9.99528	0.01162
56338.29266	-12.66376	0.01028	-12.34905	0.01626	-11.37990	0.02812	-10.02920	0.05163
56343.30452	-12.67835	0.00774	-12.39103	0.00218	-11.39104	0.01272	-9.98181	0.01107
56356.13520	-12.76940	0.00262	-12.49642	0.00225	-11.47273	0.00517	-9.96479	0.02277
56360.26828	-12.75399	0.00391	-12.45014	0.00259	-11.43282	0.00896	-10.00541	0.02180
56363.17560	-12.75255	0.00214	-12.42885	0.00331	-11.45247	0.02089	-9.99024	0.01427
56367.23832	-12.73259	0.00501	-12.38383	0.00439	-11.40006	0.00778	-9.97120	0.01233
56375.15205	-12.69207	0.00345	-12.35778	0.00387	-11.39159	0.00797	-9.99264	0.02640
56382.12137	-12.65636	0.00222	-12.28260	0.00278	-11.36281	0.01224	-10.06697	0.01562
56386.23582	-12.62878	0.00416	-12.26278	0.00353	-11.30269	0.00449	-10.03031	0.01524
56390.07319	-12.62276	0.00213	-12.24664	0.00264	-11.32585	0.00488	-10.06335	0.01096
56401.03760	-12.53718	0.00301	-12.13712	0.00328	-11.22603	0.00690	-10.18551	0.01193
56410.10081	-12.50124	0.00286	-12.15934	0.00363	-11.21736	0.00851	-10.27936	0.03825
56423.16723	-12.47636	0.00237	-12.12848	0.00670	-11.16920	0.00609	-10.37319	0.01183
56428.12134	-12.46554	0.00278	-12.10936	0.00770	-11.16600	0.01121	-10.39585	0.01006
56435.13820	-12.47555	0.00337	-12.14954	0.00670	-11.19007	0.00955	-10.41679	0.01887
56446.96399	-12.51739	0.00243	-12.16801	0.00561	-11.21526	0.01438	-10.51703	0.02384
56452.02498	-12.51989	0.00365	-12.18017	0.00251	-11.16985	0.00705	-10.46094	0.01198
56454.96297	-12.51404	0.01138	-12.18152	0.00585	-11.17849	0.00585	-10.41450	0.01083
56639.34120	-12.70429	0.00191	-12.44239	0.00225	-11.50335	0.00778	-10.42639	0.02457
56645.32648	-12.74530	0.00241	-12.51013	0.00325	-11.52446	0.00855	-10.41575	0.03312
56647.32871	-12.74763	0.00318	-12.52770	0.00262	-11.54560	0.00495	-10.44708	0.01211
56654.31859	-12.77044	0.00334	-12.50810	0.00205	-11.52963	0.01044	-10.49426	0.00752
56667.29470	-12.74252	0.00217	-12.45211	0.00491	-11.51899	0.00392	-10.48346	0.00786
56674.31861	-12.79620	0.00445	-12.55342	0.00373	-11.61046	0.00791	-10.33999	0.02477
56681.37462	-12.82026	0.00264	-12.55388	0.00442	-11.58965	0.00661	-10.36901	0.02774
56688.28383	-12.81268	0.00284	-12.53136	0.00261	-11.59129	0.00781	-10.40916	0.00986
56693.25798	-12.81814	0.00309	-12.54869	0.00224	-11.60256	0.00310	-10.35207	0.02066
56696.23011	-12.83342	0.00313	-12.55967	0.00480	-11.61063	0.01042	-10.31377	0.00916
56699.21207	-12.84410	0.00253	-12.59421	0.00281	-11.64117	0.00664	-10.35205	0.02142
56709.20989	-12.88079	0.00380	-12.62233	0.00396	-11.66889	0.00446	-10.38626	0.01199
56713.30612	-12.88601	0.00206	-12.62418	0.00223	-11.64629	0.00345	-10.43190	0.00787
56717.13640	-12.87414	0.00294	-12.59949	0.00249	-11.63617	0.00572	-10.37658	0.01315
56722.30930	-12.87843	0.00229	-12.62937	0.00521	-11.63812	0.01415	-10.35360	0.01278
56725.13791	-12.90632	0.00452	-12.63340	0.00291	-11.69340	0.00488	-10.36040	0.01193
56741.15241	-12.88999	0.00290	-12.58873	0.00612	-11.65905	0.00866	-10.49338	0.01741
56745.07082	-12.88694	0.00291	-12.60281	0.00460	-11.64397	0.00398	-10.44005	0.01275
56749.06797	-12.89755	0.00200	-12.61955	0.00369	-11.65125	0.00537	-10.44730	0.00938
56765.08930	-12.87227	0.00205	-12.55126	0.00247	-11.64105	0.00728	-10.42294	0.01551
56769.18546	-12.86993	0.00213	-12.57323	0.00772	-11.58502	0.01025	-10.51869	0.01245
56775.06643	-12.87807	0.00215	-12.56072	0.00297	-11.65951	0.00969	-10.49978	0.00983
56778.02457	-12.88493	0.00211	-12.58700	0.00231	-11.64282	0.00799	-10.48816	0.00805
56781.02298	-12.88764	0.00940	-12.59146	0.00529	-11.67797	0.01020	-10.48493	0.02381
56793.03303	-12.96320	0.00408	-12.63874	0.01380	-11.72473	0.00834	-10.51114	0.01129
56803.09396	-12.95508	0.00288	-12.62887	0.00208	-11.65213	0.00401	-10.60830	0.00916
56805.01148	-12.96499	0.00417	-12.60998	0.00289	-11.66459	0.00855	-10.56509	0.00686
56809.02539	-12.94157	0.00266	-12.56909	0.00450	-11.60455	0.00482	-10.53359	0.00843
56818.02515	-12.90531	0.00224	-12.53785	0.00224	-11.58628	0.00525	-10.58315	0.01064
56822.06990	-12.89344	0.00274	-12.51430	0.00328	-11.57204	0.01957	-10.60486	0.02851
56829.98398	-12.83957	0.00193	-12.43298	0.00234	-11.47674	0.01115	-10.58648	0.01376
56837.98499	-12.75812	0.00186	-12.34006	0.00251	-11.42729	0.00600	-10.50786	0.00867
56846.99390	-12.69618	0.00239	-12.25815	0.00327	-11.35423	0.00674	-10.51471	0.02083
56851.99451	-12.66916	0.00290	-12.19177	0.01075	-11.31687	0.04617	-10.43493	0.01864
56994.35401	-12.39571	0.00392	-11.93539	0.00754	-11.06690	0.01084	-10.16659	0.02704
57002.35767	-12.43731	0.01031	-11.99902	0.01017	-11.14670	0.04369	-10.08249	0.03625
57009.35826	-12.54382	0.00579	-12.16222	0.00595	-11.23250	0.02813	-10.05908	0.02288
57017.30683	-12.61565	0.00202	-12.18676	0.00418	-11.26440	0.00827	-9.95777	0.01346
57025.33515	-12.63465	0.00547	-12.12900	0.01156	-11.22631	0.01409	-9.86522	0.01950
57029.31971	-12.61051	0.00545	-12.07014	0.00782	-11.20146	0.01826	-9.75333	0.02690
57040.32576	-12.51775	0.00204	-11.96039	0.00478	-11.15095	0.02548	-9.71905	0.02104
57050.34375	-12.41630	0.00359	-11.81814	0.00352	-11.04631	0.01331	-9.59346	0.01499
57057.30110	-12.32005	0.00620	-11.73627	0.02059	-11.00702	0.05257	-9.73086	0.04525
57064.21345	-12.28922	0.00195	-11.75685	0.00513	-10.98244	0.00971	-9.74184	0.01311
57070.36873	-12.25397	0.00238	-11.72939	0.00374	-10.92939	0.00536	-9.69248	0.01423
57081.35111	-12.20391	0.01028	-11.70115	0.01626	-10.87032	0.02812	-9.94222	0.05163
57084.16930	-12.18323	0.00465	-11.68802	0.00586	-10.89061	0.01154	-9.69001	0.03351
57091.26694	-12.18593	0.00543	-11.64021	0.00596	-10.82272	0.01143	-9.87667	0.02605
57120.21977	-12.05092	0.00656	-11.59077	0.00716	-10.73691	0.00934	-9.96872	0.03982
57126.06675	-12.03351	0.00708	-11.60871	0.00368	-10.78003	0.01419	-9.91279	0.01398
57130.06050	-12.07235	0.00325	-11.62698	0.00584	-10.80549	0.00669	-9.89776	0.03243
57138.06039	-12.08225	0.00380	-11.66554	0.00492	-10.82814	0.01612	-9.73352	0.02517
57146.03004	-12.10005	0.01028	-11.69824	0.01626	-10.95871	0.02812	-9.71696	0.05163
57153.09544	-12.14626	0.00345	-11.76124	0.00335	-10.87800	0.01071	-9.62574	0.03952
57161.12455	-12.18574	0.00259	-11.84497	0.00639	-10.92689	0.01578	-9.56747	0.02090
57165.99020	-12.22588	0.00259	-11.91995	0.00547	-10.99767	0.00593	-9.55907	0.03177
57174.01023	-12.32021	0.00362	-12.06028	0.00870	-11.10248	0.03052	-9.40156	0.05855
57177.06231	-12.38010	0.00486	-12.15379	0.00792	-11.16581	0.01474	-9.51343	0.04354
57187.03397	-12.49208	0.00715	-12.21101	0.00999	-11.26461	0.01998	-9.38523	0.02254
57189.02459	-12.53217	0.00266	-12.25159	0.00250	-11.28184	0.00770	-9.41750	0.02550
57193.96680	-12.58607	0.00230	-12.30373	0.00540	-11.36224	0.01060	-9.43370	0.02114
57206.00176	-12.63694	0.00273	-12.34375	0.00390	-11.41690	0.01069	-9.30085	0.05294
57365.34452	-12.56157	0.00231	-12.15728	0.00278	-11.34960	0.01977	-10.15190	0.02145
57381.33385	-12.42770	0.00372	-12.01028	0.00533	-11.28958	0.01473	-10.20109	0.02802
57385.29585	-12.41358	0.00467	-11.98234	0.00464	-11.25263	0.00886	-10.19021	0.02185
57398.33066	-12.35027	0.00441	-11.92999	0.00636	-11.17131	0.00729	-10.21762	0.00962
57401.30955	-12.35507	0.00544	-11.92837	0.00427	-11.17935	0.01176	-10.25077	0.00965
57405.28747	-12.32960	0.00226	-11.93517	0.00279	-11.19587	0.00596	-10.21072	0.01122
57413.32808	-12.37907	0.00470	-12.00464	0.01084	-11.21647	0.03058	-10.18671	0.04224
57419.31349	-12.40714	0.00495	-12.02645	0.00451	-11.22257	0.00810	-10.22708	0.01770
57423.26512	-12.40492	0.00343	-12.04787	0.00465	-11.22759	0.00451	-10.08982	0.01072
57427.33579	-12.41901	0.00218	-12.08094	0.00542	-11.24770	0.00429	-10.07958	0.01936
57431.27236	-12.45042	0.00408	-12.09147	0.00713	-11.28885	0.00808	-10.16284	0.02374
57434.23791	-12.42781	0.00217	-12.07374	0.00687	-11.24126	0.00611	-10.10245	0.01205
57439.21804	-12.43083	0.00725	-12.03928	0.02027	-11.25338	0.02297	-10.09562	0.02567
57447.22969	-12.41772	0.00629	-12.05332	0.00338	-11.24510	0.00800	-9.98564	0.01789
57452.11272	-12.41865	0.00838	-12.00489	0.00518	-11.25599	0.01051	-9.94521	0.02398
57455.27557	-12.44929	0.00256	-12.01688	0.01055	-11.23731	0.00550	-9.99404	0.03140
57461.11662	-12.40262	0.00314	-12.00317	0.00442	-11.23739	0.00418	-9.85909	0.01184
57474.27426	-12.34027	0.00518	-11.90354	0.01182	-11.14101	0.00928	-9.68649	0.04152
57478.21078	-12.30981	0.00425	-11.86425	0.00647	-11.11462	0.01080	-9.70352	0.03340
57486.11399	-12.26428	0.00819	-11.82477	0.00674	-11.13558	0.01300	-9.69966	0.05168
57491.11400	-12.20730	0.00264	-11.77206	0.00342	-11.09062	0.01400	-9.70265	0.01724
57495.22382	-12.18164	0.01585	-11.72065	0.01099	-11.02002	0.01259	-9.59026	0.03279
57499.15100	-12.11441	0.02291	-11.64222	0.01151	-10.92934	0.05037	-9.53437	0.05171
57507.02753	-12.09066	0.00664	-11.63142	0.01255	-10.97332	0.02077	-9.73504	0.01754
57511.01294	-12.04310	0.01934	-11.59830	0.00585	-10.94661	0.01520	-9.75491	0.03667
57516.11169	-12.01339	0.00492	-11.58513	0.00383	-10.87893	0.02582	-9.78433	0.01588
57523.02230	-11.99358	0.00604	-11.57639	0.00850	-10.79224	0.03665	-9.74471	0.04263
57533.03423	-11.94523	0.01028	-11.60227	0.01626	-10.82334	0.02812	-9.58122	0.05163
57536.04099	-11.94701	0.00619	-11.58593	0.00711	-10.82112	0.02178	-9.76685	0.03377
57546.99337	-11.95509	0.00322	-11.62193	0.00664	-10.82265	0.01142	-9.69645	0.03077
57557.04306	-11.94731	0.00591	-11.60924	0.00952	-10.80178	0.02631	-9.67129	0.12615
57561.99566	-11.97841	0.00756	-11.64364	0.00426	-10.80305	0.00734	-9.58680	0.03870
57566.02513	-11.97258	0.00783	-11.63253	0.00536	-10.78162	0.00778	-9.62425	0.05367
57575.98916	-11.99541	0.00667	-11.66788	0.00425	-10.85403	0.01226	-9.64213	0.01907
57595.96613	-12.06415	0.01028	-11.68228	0.01626	-10.89146	0.02812	-9.41148	0.07714
57724.34199	-11.95110	0.00321	-11.57343	0.00425	-10.89280	0.00731	-9.59065	0.02279
57729.34936	-11.96129	0.00607	-11.57327	0.01453	-10.89455	0.01319	-9.56683	0.02481
57737.35136	-11.99995	0.01271	-11.60725	0.02377	-10.94170	0.04640	-9.59109	0.05943
57741.34352	-11.97767	0.00971	-11.59984	0.00574	-10.89949	0.01043	-9.60787	0.05039
57745.34562	-12.00507	0.00394	-11.61402	0.00663	-10.90647	0.02347	-9.61749	0.03683
57754.34494	-12.01162	0.00515	-11.61230	0.00302	-10.91759	0.01095	-9.56397	0.01431
57757.30557	-11.99032	0.00581	-11.57213	0.00406	-10.86937	0.01106	-9.57735	0.03133
57765.30470	-12.00297	0.00748	-11.58795	0.01022	-10.78077	0.03980	-9.30559	0.09001
57773.36379	-11.98680	0.00651	-11.55173	0.00808	-10.86418	0.00745	-9.36074	0.02714
57785.21703	-12.01849	0.00501	-11.55878	0.00349	-10.85035	0.00730	-9.42502	0.02603
57791.31339	-12.01618	0.01028	-11.55607	0.01626	-10.82897	0.02812	-9.40780	0.05163
57795.16489	-12.03274	0.00822	-11.55057	0.02399	-10.76613	0.02674	-9.40771	0.09859
57799.33802	-12.05767	0.00917	-11.60673	0.01025	-10.82300	0.03091	-9.53085	0.05015
57803.37241	-12.07013	0.00289	-11.58184	0.01316	-10.84726	0.00728	-9.44781	0.03731
57807.20780	-12.08402	0.00803	-11.59606	0.00495	-10.78208	0.03821	-9.39019	0.04358
57808.20697	-12.06459	0.00479	-11.60861	0.01240	-10.81537	0.01131	-9.32836	0.03343
57811.29097	-12.10643	0.00242	-11.61842	0.00566	-10.85349	0.00678	-9.43758	0.02673
57816.11500	-12.14326	0.00267	-11.63324	0.00711	-10.88628	0.01707	-9.37764	0.02395
57820.32009	-12.13802	0.00283	-11.65374	0.00434	-10.83989	0.01025	-9.39241	0.02302
57829.31902	-12.25738	0.00460	-11.79606	0.01044	-10.98319	0.01636	-9.45744	0.08474
57832.08404	-12.31683	0.00327	-11.84634	0.00787	-10.98183	0.00581	-9.42810	0.05385
57837.22761	-12.39828	0.00208	-11.90796	0.00809	-11.03147	0.01622	-9.41681	0.01874
57844.21670	-12.46292	0.00231	-11.93079	0.00947	-11.06574	0.00563	-9.42230	0.03638
57849.05629	-12.49411	0.00353	-11.97053	0.01407	-11.14013	0.00756	-9.28909	0.06267
57862.20157	-12.53807	0.00381	-12.02390	0.00833	-11.14540	0.01580	-9.42809	0.02245
57869.18301	-12.54194	0.00234	-12.03040	0.00514	-11.15255	0.01645	-9.36433	0.01880
57877.08090	-12.52631	0.01028	-12.02933	0.01626	-11.21421	0.02812	-9.15699	0.07052
57882.04364	-12.60462	0.00345	-12.04008	0.01093	-11.29168	0.01556	-9.19734	0.06648
57889.04391	-12.65871	0.00856	-12.09109	0.01172	-11.27166	0.04142	-9.40189	0.04238
57893.07271	-12.70359	0.00220	-12.17174	0.01377	-11.32526	0.00661	-9.49405	0.07525
57903.98804	-12.88753	0.00198	-12.29129	0.00399	-11.45211	0.02163	-9.33681	0.05156
57916.05522	-13.02031	0.01028	-12.36704	0.01626	-11.48385	0.02812	-9.31685	0.06831
57916.97057	-13.00365	0.00176	-12.41903	0.00280	-11.47505	0.00813	-9.30263	0.07528
57921.99310	-13.05661	0.00372	-12.41216	0.01020	-11.50853	0.01056	-9.55953	0.04300
57924.99364	-13.05513	0.00164	-12.39407	0.00301	-11.49757	0.00897	-9.52559	0.01831
57933.03982	-13.00981	0.00226	-12.34188	0.01114	-11.46246	0.01120	-9.59494	0.03094
57935.99041	-12.99437	0.00615	-12.34837	0.00709	-11.46546	0.00555	-9.55883	0.02830
57952.96761	-12.87228	0.00373	-12.17013	0.01018	-11.35726	0.02314	-9.59119	0.04216
57959.96669	-12.80672	0.00593	-12.17445	0.01106	-11.38288	0.04349	-9.61075	0.06379
58090.34828	-12.39027	0.00478	-11.75601	0.00818	-11.06313	0.05573	-9.70603	0.11444
58103.35194	-12.43179	0.00720	-11.67257	0.01460	-11.02621	0.01590	-9.80029	0.02439
58107.34271	-12.39619	0.00440	-11.66441	0.00600	-11.02689	0.00582	-9.76249	0.01638
58110.33982	-12.40450	0.01028	-11.67396	0.01626	-11.01993	0.02812	-9.81760	0.05163
58118.36266	-12.39428	0.01028	-11.64585	0.01626	-11.07182	0.02812	-9.82373	0.05163
58122.27183	-12.40986	0.00387	-11.68527	0.01323	-11.00713	0.01553	-9.87494	0.04707
58126.34785	-12.36212	0.00717	-11.64301	0.01680	-10.93713	0.01825	-9.81140	0.03280
58130.31252	-12.30373	0.01174	-11.61470	0.00466	-10.98004	0.01635	-9.72994	0.03035
58135.26239	-12.27971	0.00257	-11.58574	0.00840	-10.89976	0.02021	-9.68518	0.01670
58138.28036	-12.25969	0.00336	-11.54707	0.00646	-10.90446	0.00572	-9.71064	0.02787
58142.31621	-12.27022	0.01028	-11.56734	0.01626	-10.92153	0.02812	-9.77825	0.05163
58157.23563	-12.34684	0.01028	-11.64312	0.01626	-10.90774	0.02812	-9.68381	0.05163
58160.22489	-12.37520	0.00361	-11.63740	0.01830	-10.97811	0.00761	-9.61335	0.04863
58164.22849	-12.40961	0.00520	-11.64690	0.00493	-11.00597	0.02013	-9.62402	0.01659
58168.21870	-12.42201	0.00664	-11.65655	0.00821	-10.98237	0.01263	-9.56390	0.02954
58174.15899	-12.36787	0.01028	-11.67789	0.01626	-10.92477	0.02812	-9.53950	0.05163
58178.34215	-12.42146	0.00854	-11.62650	0.02476	-10.89830	0.02949	-9.59402	0.07108
58185.16032	-12.42455	0.00264	-11.63113	0.00442	-10.93858	0.01179	-9.40950	0.05367
58188.22593	-12.41607	0.00253	-11.62555	0.00416	-10.88842	0.01116	-9.45429	0.03712
58192.20501	-12.43499	0.00643	-11.64644	0.00840	-10.99262	0.00996	-9.44127	0.03304
58196.28926	-12.45491	0.00337	-11.64969	0.00874	-10.91259	0.01096	-9.41044	0.03905
58201.13220	-12.45043	0.00223	-11.65519	0.00605	-10.97368	0.00904	-9.41551	0.02381
58205.10713	-12.41620	0.00722	-11.63157	0.00655	-10.98657	0.02254	-9.41156	0.03584
58210.11794	-12.41003	0.00572	-11.61726	0.01877	-10.99455	0.04394	-9.40990	0.04914
58212.26110	-12.38896	0.00636	-11.60153	0.00880	-10.84812	0.01332	-9.34271	0.04255
58213.13230	-12.35983	0.00309	-11.58214	0.01224	-10.92030	0.00832	-9.35170	0.05980
58215.22906	-12.34651	0.00319	-11.58930	0.01329	-10.88424	0.01440	-9.45562	0.05720
58217.10010	-12.34880	0.00320	-11.57059	0.00608	-10.92692	0.00556	-9.38737	0.04295
58221.10482	-12.35505	0.00320	-11.54716	0.00497	-10.96414	0.01229	-9.48295	0.03950
58223.02058	-12.33005	0.00269	-11.56784	0.00470	-10.88546	0.00675	-9.34273	0.04707
58225.10955	-12.31763	0.00382	-11.47263	0.00669	-10.87171	0.04379	-9.34961	0.03987
58227.18894	-12.30693	0.01234	-11.49495	0.00883	-10.81967	0.00749	-9.35872	0.04124
58229.12376	-12.31548	0.00818	-11.51280	0.01050	-10.85017	0.01837	-9.48639	0.02454
58231.22362	-12.28364	0.00425	-11.47320	0.00560	-10.75663	0.01048	-9.40912	0.07921
58233.10113	-12.25031	0.00667	-11.39488	0.00992	-10.75489	0.02314	-9.19764	0.06503
58236.21031	-12.23795	0.01258	-11.39001	0.02067	-10.66483	0.03461	-9.37723	0.09548
58238.19094	-12.22585	0.00527	-11.40906	0.01083	-10.72577	0.05887	-9.50748	0.09581
58259.10334	-12.14821	0.00729	-11.32879	0.00803	-10.63928	0.01025	-9.22352	0.06912
58261.12740	-12.14805	0.00413	-11.36064	0.01355	-10.62815	0.02778	-9.27564	0.03945
58263.12046	-12.15913	0.01028	-11.38770	0.01626	-10.64317	0.02812	-9.35763	0.08601
58265.05699	-12.16618	0.00891	-11.34881	0.01301	-10.63345	0.01357	-9.17724	0.08031
58270.05969	-12.22864	0.00585	-11.39726	0.02648	-10.69622	0.02860	-9.47803	0.07579
58271.05324	-12.21518	0.00484	-11.40277	0.00578	-10.66876	0.02031	-9.28775	0.03395
58273.04688	-12.24447	0.01028	-11.40672	0.01626	-10.61502	0.02812	-9.28463	0.05163
58274.99667	-12.30451	0.00374	-11.41762	0.00574	-10.63909	0.02532	-9.27036	0.05602
58277.06889	-12.34213	0.00273	-11.47735	0.00453	-10.67754	0.04575	-9.42566	0.02363
58283.04710	-12.45691	0.00261	-11.58651	0.00590	-10.75078	0.00526	-9.45191	0.02068
58286.04352	-12.54204	0.00358	-11.64823	0.00381	-10.78267	0.00657	-9.47691	0.01900
58287.04183	-12.54807	0.01028	-11.64117	0.01626	-10.80033	0.02812	-9.24776	0.05163
58287.97600	-12.55056	0.01028	-11.68972	0.01626	-10.83525	0.02812	-9.31509	0.05394
58298.01686	-12.75301	0.00586	-11.91142	0.00615	-10.95274	0.03222	-9.25584	0.11940
58310.99133	-13.06515	0.00639	-12.09823	0.03000	-11.16013	0.02996	-9.29282	0.02964
58313.98144	-13.09377	0.00288	-12.14034	0.00719	-11.22022	0.00581	-9.37810	0.02384
58319.97229	-13.11349	0.01028	-12.20059	0.01626	-11.05070	0.02812	-9.64291	0.06512
58320.96730	-13.13287	0.00268	-12.12117	0.02414	-11.24789	0.02630	-9.40720	0.04704
