t	M1	Error1	M2	Error2	M3	Error3	M4	Error4
52085.8923	16.028	0.007	17.588	0.021	18.551	0.014	20.047	0.020
52085.8974	16.013	0.008	17.538	0.022	18.553	0.015	20.184	0.024
52091.8952	16.024	0.005	17.536	0.014	18.562	0.010	20.077	0.014
52091.9003	16.029	0.006	17.569	0.015	18.579	0.011	20.132	0.015
52103.8180	16.052	0.005	17.529	0.013	18.561	0.010	20.064	0.012
52103.8231	16.057	0.005	17.479	0.012	18.561	0.009	20.084	0.011
52123.7472	16.058	0.008	17.556	0.025	18.582	0.016	20.189	0.025
52123.7522	16.046	0.008	17.511	0.022	18.596	0.015	20.106	0.022
52140.7332	16.035	0.007	17.476	0.020	18.651	0.015	20.086	0.022
52140.7383	16.055	0.007	17.547	0.019	18.579	0.013	20.096	0.020
52162.6841	16.025	0.007	17.483	0.020	18.555	0.014	20.086	0.022
52162.6891	16.029	0.008	17.529	0.023	18.596	0.016	20.012	0.024
52167.6755	16.025	0.007	17.492	0.019	18.547	0.013	20.087	0.020
52167.6806	15.994	0.007	17.488	0.020	18.584	0.014	20.069	0.021
52173.6598	16.040	0.007	17.507	0.018	18.606	0.013	20.003	0.018
52173.6649	16.030	0.006	17.541	0.018	18.576	0.012	20.016	0.018
52193.6112	16.023	0.007	17.532	0.018	18.561	0.012	20.052	0.018
52193.6163	16.021	0.007	17.528	0.018	18.543	0.012	20.009	0.018
52201.5956	15.999	0.007	17.476	0.020	18.536	0.013	20.071	0.022
52201.6010	15.985	0.008	17.562	0.025	18.584	0.016	20.086	0.026
52225.5772	15.997	0.006	17.545	0.018	18.522	0.012	20.046	0.018
52225.5823	15.995	0.006	17.533	0.018	18.526	0.012	20.016	0.019
52227.6204	15.994	0.007	17.513	0.019	18.575	0.013	20.077	0.020
52227.6273	15.986	0.007	17.588	0.020	18.546	0.012	19.993	0.019
52243.5720	16.006	0.008	17.624	0.030	18.562	0.017	20.108	0.027
52243.5770	16.024	0.009	17.545	0.029	18.549	0.018	20.115	0.028
52252.5267	16.016	0.007	17.595	0.024	18.550	0.014	19.968	0.021
52252.5318	16.009	0.007	17.561	0.020	18.585	0.013	19.943	0.018
52462.8843	15.767	0.006	17.606	0.023	18.475	0.014	20.067	0.023
52462.8894	15.789	0.007	17.559	0.023	18.530	0.015	19.917	0.022
52606.5485	15.712	0.006	17.587	0.024	18.555	0.016	20.262	0.026
52606.5542	15.701	0.006	17.604	0.023	18.550	0.016	20.099	0.023
52608.5350	15.702	0.007	17.633	0.029	18.632	0.019	20.139	0.029
52611.5202	15.713	0.007	17.624	0.028	18.536	0.017	20.096	0.026
52621.5309	15.715	0.008	17.735	0.036	18.497	0.018	20.166	0.031
52763.9083	16.146	0.008	17.696	0.022	18.786	0.016	20.184	0.020
52763.9140	16.150	0.007	17.689	0.019	18.771	0.014	20.166	0.017
52770.9002	16.154	0.009	17.743	0.027	18.794	0.019	20.257	0.025
52770.9059	16.173	0.008	17.712	0.024	18.803	0.017	20.210	0.022
52784.9251	16.197	0.007	17.713	0.017	18.846	0.013	20.264	0.015
52784.9308	16.221	0.007	17.702	0.018	18.852	0.014	20.248	0.015
52791.9133	16.195	0.009	17.695	0.025	18.864	0.019	20.330	0.025
52791.9190	16.224	0.009	17.733	0.026	18.846	0.019	20.260	0.024
52797.8729	16.223	0.006	17.731	0.016	18.874	0.012	20.251	0.014
52797.8787	16.237	0.006	17.782	0.018	18.848	0.013	20.241	0.015
52812.9027	16.225	0.008	17.707	0.021	18.861	0.016	20.339	0.020
52812.9084	16.247	0.008	17.745	0.023	18.783	0.016	20.242	0.021
52814.9050	16.253	0.008	17.736	0.022	18.845	0.017	20.250	0.021
52814.9107	16.249	0.008	17.714	0.022	18.826	0.016	20.259	0.020
52816.9050	16.231	0.008	17.717	0.020	18.837	0.015	20.248	0.019
52816.9107	16.248	0.008	17.725	0.020	18.886	0.016	20.262	0.019
52818.8933	16.221	0.007	17.716	0.017	18.818	0.013	20.288	0.015
52818.8990	16.231	0.007	17.694	0.017	18.851	0.013	20.282	0.016
52818.9054	16.251	0.007	17.731	0.018	18.840	0.014	20.262	0.017
52818.9112	16.250	0.007	17.704	0.019	18.832	0.015	20.339	0.018
52819.9006	16.236	0.007	17.733	0.017	18.826	0.013	20.260	0.015
52819.9063	16.226	0.007	17.707	0.017	18.852	0.013	20.241	0.015
52830.8212	16.225	0.007	17.663	0.019	18.811	0.014	20.203	0.018
52830.8270	16.217	0.005	17.701	0.017	18.830	0.012	20.145	0.014
52831.8355	16.212	0.008	17.755	0.025	18.801	0.017	20.205	0.021
52831.8412	16.226	0.008	17.735	0.024	18.783	0.016	20.226	0.021
52832.8321	16.218	0.008	17.729	0.023	18.803	0.016	20.237	0.019
52832.8379	16.214	0.008	17.689	0.022	18.817	0.016	20.289	0.020
52835.8604	16.239	0.009	17.731	0.028	18.797	0.019	20.302	0.024
52835.8661	16.240	0.008	17.700	0.025	18.786	0.017	20.266	0.021
52841.8367	16.227	0.006	17.680	0.017	18.819	0.013	20.289	0.016
52841.8425	16.248	0.006	17.704	0.018	18.804	0.013	20.182	0.015
52844.8225	16.221	0.007	17.691	0.018	18.818	0.014	20.228	0.016
52844.8283	16.229	0.007	17.696	0.017	18.815	0.014	20.226	0.016
52850.7818	16.235	0.007	17.709	0.019	18.795	0.014	20.288	0.018
52850.7875	16.240	0.007	17.723	0.019	18.814	0.014	20.221	0.017
52853.8148	16.214	0.005	17.702	0.013	18.832	0.010	20.253	0.012
52853.8206	16.228	0.004	17.654	0.011	18.860	0.009	20.193	0.010
52857.8018	16.238	0.008	17.725	0.022	18.808	0.016	20.196	0.021
52857.8076	16.241	0.010	17.725	0.029	18.813	0.020	20.330	0.029
52858.7963	16.227	0.007	17.726	0.017	18.822	0.013	20.284	0.015
52858.8021	16.242	0.007	17.720	0.017	18.815	0.013	20.233	0.015
52858.8106	16.232	0.007	17.695	0.016	18.834	0.013	20.262	0.015
52858.8164	16.231	0.007	17.740	0.017	18.846	0.013	20.228	0.015
52868.7328	16.211	0.008	17.701	0.021	18.804	0.016	20.189	0.018
52868.7385	16.204	0.008	17.647	0.020	18.802	0.016	20.239	0.019
52869.7320	16.209	0.008	17.686	0.022	18.807	0.016	20.295	0.021
52869.7378	16.222	0.008	17.655	0.020	18.801	0.015	20.196	0.019
52870.7343	16.173	0.007	17.667	0.019	18.775	0.015	20.259	0.018
52870.7458	16.192	0.007	17.703	0.020	18.805	0.015	20.214	0.018
52870.7516	16.212	0.007	17.643	0.018	18.793	0.014	20.268	0.018
52871.7453	16.180	0.006	17.672	0.017	18.781	0.013	20.328	0.017
52871.7576	16.202	0.007	17.646	0.017	18.786	0.013	20.226	0.016
52871.7633	16.189	0.006	17.670	0.016	18.774	0.012	20.259	0.016
52876.7203	16.165	0.008	17.685	0.021	18.791	0.015	20.133	0.019
52876.7261	16.168	0.007	17.634	0.019	18.788	0.015	20.230	0.019
52883.7263	16.144	0.007	17.631	0.017	18.760	0.013	20.158	0.016
52883.7320	16.136	0.006	17.643	0.016	18.754	0.013	20.210	0.016
52885.8166	16.102	0.006	17.629	0.017	18.742	0.013	20.299	0.018
52885.8222	16.120	0.007	17.637	0.019	18.731	0.014	20.248	0.019
52886.6662	16.109	0.008	17.664	0.025	18.768	0.018	20.145	0.023
52886.6719	16.112	0.007	17.666	0.021	18.772	0.016	20.133	0.020
52888.7188	16.100	0.007	17.632	0.018	18.741	0.014	20.151	0.016
52888.7245	16.115	0.007	17.652	0.019	18.721	0.014	20.189	0.017
52895.7070	16.081	0.007	17.600	0.020	18.726	0.015	20.159	0.018
52895.7127	16.088	0.007	17.640	0.022	18.719	0.016	20.154	0.019
52897.7004	16.065	0.009	17.643	0.027	18.773	0.020	20.125	0.025
52897.7061	16.073	0.010	17.596	0.030	18.735	0.021	20.207	0.030
52899.6892	16.069	0.006	17.621	0.015	18.678	0.011	20.133	0.014
52899.6948	16.103	0.005	17.613	0.014	18.722	0.010	20.125	0.012
52903.7226	16.044	0.004	17.572	0.012	18.694	0.009	20.161	0.011
52903.7282	16.039	0.005	17.570	0.013	18.680	0.010	20.217	0.013
52906.6802	16.044	0.006	17.590	0.017	18.703	0.013	20.113	0.016
52906.6859	16.055	0.006	17.557	0.017	18.672	0.013	20.111	0.017
52910.6541	16.044	0.008	17.609	0.021	18.690	0.015	20.130	0.021
52910.6598	16.044	0.008	17.598	0.022	18.698	0.016	20.233	0.023
52912.6592	16.031	0.007	17.578	0.018	18.688	0.013	20.113	0.017
52912.6648	16.044	0.006	17.557	0.017	18.662	0.013	20.163	0.018
52915.6096	16.053	0.007	17.622	0.021	18.700	0.015	20.109	0.019
52915.6152	16.049	0.008	17.575	0.021	18.720	0.016	20.152	0.021
52916.6326	16.030	0.007	17.573	0.019	18.694	0.015	20.198	0.019
52916.6383	16.060	0.007	17.606	0.019	18.646	0.014	20.158	0.018
52922.6293	16.042	0.011	17.599	0.037	18.697	0.025	20.121	0.033
52923.6309	16.050	0.008	17.646	0.026	18.710	0.018	20.170	0.023
52923.6365	16.067	0.008	17.533	0.024	18.686	0.018	20.179	0.023
52925.6189	16.057	0.007	17.552	0.021	18.698	0.016	20.103	0.020
52925.6245	16.029	0.008	17.609	0.026	18.621	0.017	20.208	0.025
52927.6307	16.038	0.007	17.577	0.019	18.668	0.014	20.154	0.019
52927.6364	16.056	0.008	17.593	0.021	18.673	0.016	20.172	0.022
52929.6346	16.045	0.008	17.603	0.024	18.707	0.017	20.108	0.023
52929.6402	16.048	0.008	17.555	0.021	18.715	0.016	20.161	0.023
52930.6146	16.048	0.006	17.557	0.017	18.662	0.012	20.147	0.016
52930.6202	16.052	0.007	17.585	0.018	18.681	0.013	20.179	0.018
52931.6139	16.033	0.006	17.578	0.017	18.672	0.013	20.182	0.017
52931.6195	16.033	0.006	17.568	0.017	18.669	0.013	20.210	0.017
52932.6110	16.034	0.007	17.563	0.018	18.703	0.014	20.077	0.018
52932.6166	16.037	0.007	17.580	0.018	18.682	0.014	20.161	0.018
52933.6090	16.036	0.006	17.582	0.015	18.677	0.011	20.158	0.014
52933.6146	16.026	0.006	17.587	0.015	18.674	0.012	20.149	0.015
52939.5638	15.992	0.007	17.598	0.022	18.758	0.016	20.170	0.022
52939.5695	16.048	0.008	17.642	0.023	18.708	0.016	20.061	0.021
52941.5519	16.031	0.007	17.562	0.019	18.732	0.015	20.133	0.020
52941.5576	16.042	0.006	17.565	0.017	18.700	0.013	19.949	0.016
52945.5559	16.015	0.008	17.555	0.024	18.718	0.017	20.106	0.022
52945.5616	16.025	0.008	17.593	0.024	18.719	0.017	20.158	0.022
52949.5413	16.020	0.008	17.595	0.025	18.690	0.017	20.139	0.022
52949.5469	16.011	0.008	17.593	0.027	18.719	0.019	20.172	0.025
52953.5443	16.004	0.007	17.539	0.020	18.700	0.016	20.207	0.020
52953.5499	16.001	0.007	17.563	0.022	18.706	0.016	20.257	0.022
52956.5667	15.998	0.006	17.559	0.015	18.673	0.011	20.106	0.014
52956.5723	15.994	0.006	17.565	0.014	18.668	0.011	20.180	0.014
52956.5785	15.991	0.006	17.562	0.016	18.642	0.012	20.200	0.016
52956.5842	16.005	0.006	17.567	0.017	18.656	0.013	20.244	0.018
52958.5642	15.980	0.006	17.533	0.017	18.670	0.013	20.179	0.018
52958.5699	15.999	0.006	17.528	0.016	18.677	0.013	20.165	0.017
52965.5287	15.990	0.007	17.547	0.021	18.650	0.015	20.172	0.022
52965.5344	16.008	0.007	17.543	0.020	18.706	0.015	20.049	0.020
52973.5285	15.985	0.008	17.618	0.024	18.730	0.017	20.128	0.023
52973.5342	15.979	0.007	17.585	0.023	18.678	0.016	20.228	0.023
52989.5376	15.992	0.008	17.549	0.024	18.658	0.017	20.168	0.026
52995.5338	15.999	0.008	17.522	0.022	18.690	0.017	20.280	0.025
52995.5395	16.021	0.007	17.507	0.019	18.624	0.014	20.259	0.022
53126.9125	16.283	0.007	17.519	0.017	18.616	0.012	20.056	0.017
53126.9181	16.293	0.008	17.565	0.020	18.601	0.013	20.061	0.018
53131.9052	16.264	0.010	17.490	0.025	18.604	0.017	20.137	0.024
53131.9109	16.243	0.009	17.515	0.023	18.577	0.016	20.104	0.022
53132.8978	16.243	0.010	17.486	0.027	18.613	0.018	20.121	0.027
53132.9034	16.264	0.010	17.478	0.025	18.607	0.017	20.108	0.025
53144.9232	16.278	0.009	17.568	0.021	18.702	0.016	20.109	0.021
53144.9288	16.285	0.010	17.476	0.023	18.705	0.018	20.200	0.025
53150.9132	16.288	0.007	17.525	0.016	18.688	0.012	20.087	0.015
53150.9188	16.288	0.007	17.525	0.015	18.678	0.011	20.089	0.014
53162.9077	16.267	0.008	17.478	0.019	18.670	0.014	20.084	0.018
53162.9134	16.296	0.008	17.498	0.018	18.644	0.014	20.094	0.017
53168.9338	16.280	0.007	17.438	0.015	18.668	0.012	20.166	0.016
53168.9394	16.281	0.007	17.463	0.016	18.664	0.012	20.128	0.016
53174.9178	16.293	0.006	17.479	0.013	18.697	0.010	20.159	0.013
53174.9234	16.276	0.006	17.507	0.013	18.658	0.010	20.191	0.013
53180.9052	16.285	0.007	17.501	0.014	18.688	0.011	20.101	0.014
53180.9109	16.291	0.007	17.475	0.014	18.692	0.011	20.132	0.014
53185.8935	16.289	0.007	17.461	0.014	18.649	0.011	20.198	0.015
53185.8991	16.282	0.007	17.480	0.014	18.667	0.012	20.156	0.015
53191.8892	16.274	0.009	17.454	0.023	18.658	0.017	20.221	0.023
53191.8949	16.289	0.010	17.507	0.026	18.707	0.019	20.101	0.024
53195.8691	16.310	0.008	17.461	0.017	18.647	0.013	20.081	0.018
53195.8747	16.312	0.008	17.460	0.017	18.631	0.013	20.152	0.018
53202.8449	16.241	0.008	17.517	0.018	18.746	0.014	20.123	0.019
53202.8505	16.261	0.009	17.500	0.021	18.715	0.016	20.029	0.022
53210.8158	16.271	0.006	17.417	0.013	18.682	0.011	20.109	0.013
53210.8214	16.277	0.006	17.393	0.012	18.684	0.010	20.059	0.013
53216.8358	16.275	0.009	17.428	0.022	18.672	0.017	20.094	0.023
53224.7986	16.236	0.007	17.429	0.015	18.680	0.013	20.089	0.016
53229.7520	16.234	0.008	17.397	0.017	18.646	0.014	20.079	0.019
53229.7577	16.237	0.008	17.405	0.018	18.636	0.014	20.121	0.020
53239.7598	16.208	0.008	17.351	0.017	18.660	0.015	20.099	0.020
53239.7654	16.162	0.007	17.413	0.017	18.616	0.014	20.121	0.019
53250.7439	16.194	0.008	17.338	0.018	18.694	0.015	19.990	0.018
53250.7495	16.186	0.008	17.323	0.019	18.637	0.015	20.182	0.022
53257.7081	16.187	0.006	17.347	0.013	18.617	0.011	20.017	0.014
53257.7138	16.173	0.006	17.363	0.014	18.634	0.012	19.996	0.015
53260.7374	16.202	0.007	17.389	0.015	18.650	0.012	20.026	0.016
53260.7430	16.193	0.007	17.373	0.016	18.606	0.013	20.072	0.018
53267.6716	16.188	0.005	17.366	0.012	18.655	0.010	19.952	0.012
53267.6772	16.172	0.006	17.331	0.012	18.698	0.011	19.954	0.013
53279.6416	16.199	0.007	17.309	0.017	18.662	0.014	19.991	0.018
53279.6472	16.201	0.008	17.348	0.018	18.697	0.015	20.082	0.019
53288.5948	16.183	0.008	17.321	0.016	18.685	0.014	20.057	0.019
53288.6005	16.204	0.007	17.309	0.014	18.644	0.012	19.960	0.016
53294.5824	16.168	0.008	17.310	0.019	18.734	0.017	19.988	0.021
53294.5880	16.179	0.008	17.292	0.018	18.689	0.015	19.993	0.020
53299.5880	16.189	0.005	17.273	0.011	18.623	0.010	20.034	0.012
53299.5937	16.180	0.005	17.326	0.010	18.655	0.009	20.067	0.011
53305.5971	16.176	0.008	17.292	0.018	18.658	0.015	20.069	0.019
53305.6027	16.184	0.008	17.274	0.018	18.662	0.016	20.059	0.020
53309.5732	16.192	0.008	17.317	0.016	18.672	0.014	20.066	0.019
53309.5788	16.213	0.010	17.248	0.020	18.723	0.018	19.986	0.024
53315.5464	16.171	0.006	17.267	0.013	18.702	0.012	20.064	0.015
53315.5521	16.184	0.007	17.268	0.013	18.678	0.012	20.064	0.016
53324.5719	16.204	0.007	17.288	0.015	18.673	0.014	20.101	0.019
53324.5775	16.216	0.007	17.228	0.015	18.719	0.015	20.067	0.018
53332.5301	16.229	0.011	17.304	0.025	18.734	0.022	19.946	0.026
53332.5357	16.217	0.009	17.273	0.021	18.668	0.019	20.120	0.025
53339.5672	16.218	0.007	17.259	0.013	18.724	0.013	20.052	0.016
53339.5728	16.229	0.007	17.303	0.014	18.675	0.013	20.161	0.018
53354.5334	16.239	0.008	17.272	0.015	18.771	0.015	20.056	0.018
53354.5390	16.237	0.007	17.240	0.014	18.759	0.014	20.051	0.018
53359.5313	16.232	0.012	17.292	0.026	18.734	0.023	20.140	0.032
53490.9101	16.208	0.006	16.770	0.009	18.807	0.013	19.975	0.014
53490.9157	16.211	0.006	16.757	0.009	18.784	0.013	19.908	0.013
53491.9081	16.216	0.007	16.749	0.009	18.795	0.014	19.957	0.015
53491.9137	16.189	0.006	16.754	0.009	18.780	0.013	19.944	0.013
53497.9149	16.234	0.006	16.792	0.008	18.848	0.012	19.834	0.012
53497.9205	16.226	0.006	16.757	0.008	18.851	0.012	19.842	0.012
53502.9106	16.228	0.006	16.757	0.008	18.834	0.012	19.973	0.013
53502.9162	16.222	0.006	16.768	0.008	18.804	0.012	19.993	0.013
53509.9158	16.223	0.006	16.742	0.008	18.771	0.011	19.975	0.013
53509.9215	16.201	0.006	16.728	0.008	18.792	0.011	19.938	0.012
53521.9068	16.238	0.008	16.735	0.011	18.784	0.016	20.006	0.018
53521.9125	16.246	0.008	16.741	0.011	18.783	0.016	19.959	0.018
53525.9303	16.224	0.006	16.766	0.009	18.772	0.013	20.024	0.015
53525.9359	16.242	0.007	16.744	0.009	18.808	0.014	19.985	0.015
53529.9303	16.249	0.006	16.764	0.007	18.804	0.010	20.047	0.011
53529.9360	16.261	0.006	16.775	0.008	18.831	0.011	20.034	0.012
53538.9164	16.266	0.007	16.800	0.009	18.773	0.013	20.096	0.016
53538.9221	16.256	0.007	16.814	0.009	18.780	0.013	20.072	0.015
53541.9119	16.272	0.006	16.802	0.009	18.828	0.013	19.967	0.014
53541.9175	16.279	0.007	16.804	0.009	18.794	0.013	20.067	0.015
53543.8669	16.245	0.008	16.801	0.011	18.841	0.017	19.986	0.018
53543.8725	16.254	0.008	16.850	0.013	18.832	0.018	20.041	0.019
53551.8912	16.264	0.006	16.841	0.008	18.839	0.011	20.092	0.013
53551.8968	16.294	0.006	16.815	0.008	18.805	0.011	20.076	0.013
53554.8878	16.308	0.008	16.828	0.011	18.724	0.015	20.082	0.020
53554.8934	16.302	0.008	16.846	0.011	18.732	0.015	20.123	0.020
53558.8719	16.281	0.006	16.821	0.008	18.831	0.012	20.077	0.013
53558.8775	16.295	0.007	16.820	0.010	18.804	0.014	20.127	0.017
53560.8681	16.283	0.007	16.849	0.010	18.788	0.013	20.235	0.017
53560.8737	16.309	0.007	16.866	0.010	18.792	0.013	20.158	0.016
53569.8293	16.315	0.007	16.839	0.010	18.797	0.014	20.079	0.016
53569.8349	16.292	0.007	16.857	0.010	18.838	0.015	20.154	0.017
53572.8331	16.318	0.010	16.837	0.014	18.785	0.019	20.128	0.023
53572.8388	16.323	0.011	16.841	0.016	18.809	0.022	20.084	0.025
53577.8042	16.312	0.009	16.890	0.012	18.781	0.016	20.166	0.021
53577.8098	16.353	0.010	16.896	0.014	18.783	0.018	20.081	0.023
53585.7890	16.324	0.007	16.896	0.009	18.817	0.012	20.130	0.014
53585.7947	16.321	0.007	16.911	0.009	18.826	0.012	20.156	0.015
53590.7914	16.331	0.006	16.933	0.009	18.853	0.012	20.125	0.014
53590.7970	16.334	0.006	16.914	0.009	18.859	0.012	20.133	0.013
53593.7847	16.321	0.006	16.911	0.009	18.870	0.012	20.142	0.013
53593.7903	16.321	0.007	16.905	0.009	18.900	0.013	19.999	0.014
53608.7377	16.296	0.006	16.935	0.009	18.881	0.013	20.219	0.015
53608.7433	16.327	0.007	16.922	0.009	18.839	0.013	20.151	0.015
53615.7486	16.325	0.007	16.906	0.009	18.803	0.012	20.159	0.015
53615.7543	16.311	0.007	16.907	0.010	18.822	0.014	20.217	0.017
53620.7156	16.300	0.006	16.897	0.009	18.825	0.012	20.128	0.014
53620.7212	16.297	0.006	16.908	0.009	18.785	0.012	20.142	0.015
53625.6359	16.300	0.009	16.911	0.013	18.849	0.017	20.109	0.022
53628.6891	16.272	0.009	16.874	0.013	18.772	0.018	20.156	0.021
53628.6947	16.312	0.009	16.876	0.013	18.813	0.018	20.061	0.021
53638.7237	16.243	0.007	16.897	0.011	18.803	0.014	20.079	0.018
53638.7293	16.246	0.008	16.891	0.011	18.747	0.014	20.175	0.020
53639.6415	16.264	0.006	16.893	0.008	18.829	0.011	20.123	0.012
53639.6472	16.253	0.005	16.874	0.007	18.811	0.010	20.127	0.011
53644.6395	16.254	0.006	16.862	0.008	18.824	0.012	20.123	0.013
53644.6451	16.228	0.006	16.899	0.009	18.832	0.012	20.116	0.013
53651.6175	16.243	0.007	16.847	0.010	18.804	0.014	20.021	0.017
53651.6232	16.253	0.007	16.844	0.009	18.780	0.013	20.113	0.016
53653.5922	16.237	0.006	16.885	0.009	18.829	0.012	20.104	0.014
53653.5978	16.253	0.006	16.876	0.009	18.819	0.012	19.994	0.013
53656.6058	16.293	0.010	16.873	0.016	18.789	0.021	20.026	0.024
53656.6114	16.255	0.010	16.838	0.015	18.755	0.020	20.016	0.023
53660.5893	16.200	0.010	16.833	0.017	18.866	0.025	20.042	0.026
53660.5950	16.216	0.011	16.852	0.019	18.872	0.028	20.089	0.030
53664.5735	16.206	0.006	16.857	0.008	18.832	0.011	20.022	0.012
53664.5792	16.209	0.006	16.878	0.008	18.820	0.012	19.986	0.012
53666.5657	16.213	0.006	16.865	0.008	18.790	0.011	20.051	0.012
53666.5713	16.202	0.006	16.872	0.008	18.797	0.012	20.029	0.013
53672.5649	16.225	0.007	16.852	0.010	18.723	0.013	20.082	0.018
53672.5705	16.213	0.007	16.851	0.010	18.762	0.014	20.094	0.018
53674.5727	16.200	0.006	16.841	0.009	18.766	0.012	20.115	0.016
53674.5784	16.200	0.006	16.844	0.009	18.797	0.012	20.123	0.016
53676.5406	16.210	0.007	16.876	0.010	18.786	0.013	20.047	0.015
53676.5462	16.195	0.007	16.888	0.010	18.784	0.013	20.017	0.015
53682.5572	16.216	0.007	16.797	0.011	18.731	0.014	19.973	0.018
53682.5723	16.173	0.007	16.844	0.010	18.849	0.015	19.928	0.016
53683.5336	16.161	0.008	16.828	0.012	18.781	0.017	20.017	0.020
53683.5559	16.185	0.007	16.850	0.011	18.700	0.014	20.042	0.017
53687.5266	16.198	0.009	16.823	0.014	18.769	0.020	20.041	0.024
53687.5322	16.179	0.009	16.823	0.014	18.801	0.020	20.071	0.024
53690.5280	16.148	0.009	16.808	0.014	18.766	0.020	20.071	0.025
53690.5336	16.168	0.011	16.872	0.018	18.730	0.022	20.062	0.029
53693.5214	16.155	0.007	16.833	0.011	18.741	0.014	20.034	0.018
53693.5270	16.152	0.007	16.843	0.010	18.718	0.014	20.158	0.019
53695.5194	16.145	0.007	16.799	0.010	18.733	0.014	20.046	0.017
53695.5251	16.162	0.006	16.820	0.009	18.746	0.013	20.029	0.015
53704.5316	16.153	0.008	16.830	0.013	18.750	0.017	20.017	0.022
53706.5381	16.162	0.007	16.835	0.010	18.689	0.013	20.086	0.017
53718.5340	16.182	0.011	16.899	0.018	18.652	0.020	19.970	0.027
53861.9151	15.878	0.005	16.827	0.008	18.596	0.010	19.820	0.012
53861.9207	15.895	0.005	16.822	0.009	18.568	0.010	19.826	0.012
53864.9131	15.859	0.005	16.833	0.008	18.561	0.010	19.837	0.012
53864.9187	15.863	0.005	16.814	0.008	18.532	0.009	19.871	0.012
53869.9152	15.849	0.006	16.862	0.013	18.553	0.014	19.884	0.019
53869.9208	15.882	0.006	16.795	0.011	18.552	0.014	19.845	0.017
53874.9237	15.852	0.005	16.847	0.009	18.556	0.011	19.859	0.013
53874.9294	15.851	0.005	16.832	0.009	18.580	0.011	19.917	0.014
53881.9327	15.826	0.004	16.860	0.008	18.530	0.009	19.944	0.011
53881.9383	15.827	0.005	16.833	0.009	18.550	0.011	19.887	0.013
53891.9310	15.803	0.005	16.846	0.010	18.497	0.011	19.996	0.017
53891.9366	15.780	0.005	16.892	0.010	18.561	0.012	19.927	0.016
53900.8927	15.740	0.005	16.849	0.010	18.565	0.011	19.865	0.014
53900.8983	15.744	0.004	16.816	0.009	18.534	0.010	19.870	0.013
53905.9092	15.709	0.005	16.850	0.009	18.518	0.010	19.923	0.014
53905.9148	15.719	0.005	16.805	0.009	18.486	0.011	19.960	0.015
53908.9032	15.715	0.004	16.833	0.007	18.528	0.009	19.930	0.011
53908.9089	15.711	0.004	16.840	0.008	18.518	0.009	19.892	0.011
53909.9030	15.700	0.004	16.816	0.007	18.529	0.009	19.850	0.011
53909.9086	15.690	0.004	16.844	0.008	18.521	0.009	19.935	0.012
53912.9080	15.700	0.004	16.847	0.008	18.532	0.009	19.916	0.012
53912.9136	15.695	0.004	16.851	0.008	18.521	0.009	19.887	0.011
53915.8791	15.699	0.004	16.818	0.008	18.514	0.009	19.903	0.012
53915.8848	15.695	0.004	16.806	0.008	18.507	0.009	19.884	0.012
53917.8762	15.692	0.005	16.871	0.010	18.510	0.011	19.968	0.016
53917.8818	15.699	0.005	16.808	0.009	18.522	0.011	19.957	0.015
53920.8781	15.706	0.004	16.836	0.008	18.498	0.009	19.988	0.014
53920.8837	15.699	0.004	16.837	0.009	18.492	0.009	19.933	0.014
53932.8587	15.711	0.006	16.871	0.013	18.508	0.014	20.091	0.022
53934.8441	15.702	0.004	16.858	0.008	18.504	0.009	19.873	0.012
53934.8497	15.696	0.004	16.851	0.008	18.518	0.009	19.925	0.012
53936.8346	15.734	0.005	16.822	0.010	18.491	0.011	19.964	0.016
53936.8403	15.743	0.005	16.863	0.010	18.530	0.011	19.906	0.016
53937.8003	15.725	0.005	16.825	0.011	18.532	0.013	19.959	0.019
53937.8059	15.731	0.005	16.811	0.010	18.525	0.012	19.923	0.018
53938.8233	15.714	0.005	16.881	0.011	18.456	0.012	20.022	0.019
53938.8290	15.733	0.006	16.845	0.012	18.504	0.014	19.957	0.022
53944.7981	15.715	0.003	16.860	0.007	18.527	0.008	19.908	0.010
53944.8038	15.738	0.004	16.838	0.008	18.518	0.009	19.917	0.013
53945.8082	15.722	0.004	16.870	0.008	18.547	0.010	19.878	0.013
53945.8138	15.718	0.004	16.862	0.009	18.519	0.010	19.925	0.014
53950.8133	15.718	0.004	16.880	0.009	18.489	0.010	19.957	0.014
53959.7504	15.711	0.007	16.847	0.015	18.577	0.018	19.930	0.024
53959.7560	15.713	0.007	16.849	0.016	18.566	0.018	19.854	0.023
53960.7662	15.731	0.004	16.857	0.008	18.550	0.010	19.811	0.011
53960.7718	15.729	0.004	16.875	0.008	18.578	0.010	19.854	0.011
53963.7683	15.745	0.005	16.860	0.011	18.591	0.013	19.885	0.018
53964.7538	15.740	0.004	16.855	0.008	18.580	0.009	19.922	0.012
53964.7594	15.734	0.004	16.876	0.008	18.543	0.009	19.914	0.012
53965.7523	15.750	0.004	16.863	0.008	18.564	0.009	19.879	0.011
53965.7579	15.734	0.004	16.880	0.008	18.577	0.009	19.882	0.011
53966.7490	15.744	0.005	16.864	0.009	18.537	0.010	20.027	0.015
53966.7546	15.746	0.005	16.911	0.009	18.549	0.010	19.949	0.015
53967.7461	15.716	0.004	16.863	0.009	18.547	0.010	19.890	0.013
53967.7517	15.748	0.005	16.855	0.010	18.511	0.011	20.012	0.017
53968.7433	15.738	0.005	16.879	0.010	18.543	0.011	20.016	0.016
53968.7489	15.725	0.005	16.887	0.009	18.541	0.010	19.946	0.014
53969.7358	15.711	0.005	16.853	0.010	18.527	0.011	20.034	0.017
53969.7414	15.738	0.005	16.896	0.010	18.504	0.011	20.092	0.018
53970.7355	15.733	0.004	16.856	0.008	18.579	0.009	19.837	0.011
53970.7410	15.734	0.004	16.883	0.008	18.561	0.009	19.893	0.012
53974.7187	15.744	0.005	16.860	0.010	18.529	0.011	19.879	0.016
53974.7243	15.728	0.005	16.852	0.010	18.552	0.012	19.990	0.017
53975.7180	15.737	0.005	16.869	0.009	18.565	0.011	19.871	0.015
53975.7236	15.725	0.005	16.846	0.009	18.561	0.011	19.964	0.015
53980.6533	15.741	0.005	16.888	0.010	18.595	0.011	19.820	0.014
53980.6589	15.733	0.005	16.852	0.010	18.571	0.011	19.885	0.015
53982.7169	15.762	0.006	16.894	0.013	18.557	0.014	19.927	0.020
53982.7225	15.751	0.007	16.872	0.014	18.572	0.016	19.990	0.024
53990.6933	15.753	0.004	16.862	0.008	18.476	0.009	19.864	0.012
53990.6989	15.751	0.004	16.866	0.009	18.577	0.010	19.881	0.013
53999.6774	15.744	0.004	16.895	0.009	18.575	0.010	19.947	0.014
53999.6830	15.763	0.004	16.869	0.009	18.552	0.010	19.943	0.014
54002.6570	15.767	0.004	16.892	0.008	18.583	0.009	19.850	0.011
54002.6626	15.765	0.004	16.888	0.009	18.590	0.010	19.862	0.013
54006.6315	15.777	0.004	16.875	0.008	18.560	0.009	19.873	0.012
54006.6371	15.776	0.004	16.876	0.008	18.602	0.009	19.892	0.011
54008.6365	15.739	0.004	16.903	0.009	18.622	0.011	19.836	0.013
54008.6421	15.770	0.004	16.899	0.009	18.568	0.010	19.837	0.012
54011.6273	15.759	0.005	16.852	0.011	18.566	0.013	19.917	0.017
54011.6328	15.781	0.006	16.863	0.012	18.592	0.014	19.840	0.017
54017.6156	15.779	0.004	16.871	0.009	18.588	0.010	19.928	0.012
54017.6212	15.764	0.004	16.854	0.009	18.576	0.010	19.851	0.012
54019.6141	15.771	0.005	16.850	0.009	18.589	0.011	19.832	0.014
54019.6197	15.768	0.005	16.844	0.009	18.575	0.011	19.944	0.015
54021.6067	15.764	0.005	16.866	0.009	18.564	0.011	19.946	0.015
54021.6122	15.758	0.005	16.848	0.009	18.509	0.010	20.003	0.015
54023.5955	15.765	0.004	16.885	0.009	18.584	0.010	19.794	0.012
54023.6011	15.761	0.004	16.846	0.008	18.533	0.010	19.854	0.013
54025.5921	15.747	0.004	16.840	0.008	18.555	0.010	19.837	0.012
54025.5977	15.751	0.004	16.872	0.009	18.523	0.010	19.919	0.013
54027.5794	15.743	0.005	16.830	0.009	18.556	0.010	19.864	0.014
54027.5850	15.737	0.004	16.843	0.009	18.549	0.010	19.890	0.014
54030.5699	15.751	0.005	16.866	0.010	18.547	0.011	19.850	0.015
54030.5755	15.745	0.005	16.867	0.010	18.604	0.012	19.805	0.015
54036.5515	15.740	0.006	16.854	0.013	18.549	0.015	19.771	0.021
54036.5570	15.728	0.006	16.826	0.012	18.548	0.014	19.884	0.020
54039.5425	15.733	0.007	16.786	0.015	18.576	0.018	19.970	0.026
54042.5504	15.728	0.006	16.887	0.014	18.622	0.016	19.806	0.019
54042.5560	15.750	0.007	16.872	0.016	18.556	0.018	19.939	0.026
54046.5173	15.715	0.005	16.843	0.010	18.492	0.011	19.851	0.016
54046.5229	15.704	0.005	16.838	0.010	18.503	0.012	19.831	0.017
54049.5167	15.711	0.004	16.817	0.009	18.501	0.010	19.812	0.013
54049.5223	15.696	0.004	16.839	0.009	18.586	0.010	19.698	0.012
54051.5137	15.706	0.006	16.817	0.012	18.565	0.014	19.741	0.018
54051.5193	15.669	0.005	16.795	0.009	18.563	0.012	19.856	0.016
54053.5173	15.704	0.005	16.770	0.009	18.576	0.011	19.759	0.014
54053.5229	15.693	0.005	16.806	0.009	18.532	0.011	19.873	0.014
54058.5448	15.672	0.004	16.830	0.009	18.528	0.010	19.768	0.013
54058.5504	15.687	0.004	16.806	0.009	18.491	0.010	19.738	0.013
54063.5178	15.708	0.006	16.823	0.013	18.568	0.016	19.696	0.020
54063.5234	15.689	0.005	16.833	0.011	18.550	0.013	19.770	0.018
54065.5383	15.679	0.005	16.791	0.010	18.477	0.011	19.811	0.016
54065.5440	15.684	0.005	16.790	0.010	18.553	0.012	19.764	0.015
54070.5533	15.669	0.005	16.850	0.013	18.458	0.013	19.740	0.017
54070.5588	15.667	0.005	16.790	0.013	18.473	0.014	19.799	0.018
54076.5282	15.670	0.005	16.787	0.011	18.489	0.012	19.845	0.018
54080.5346	15.657	0.005	16.781	0.011	18.511	0.012	19.850	0.018
54085.5382	15.681	0.007	16.753	0.014	18.558	0.017	19.705	0.023
54215.9188	15.627	0.006	16.784	0.013	18.510	0.016	19.485	0.024
54215.9244	15.644	0.009	16.811	0.021	18.467	0.023	19.541	0.037
54227.9282	15.607	0.007	16.786	0.017	18.462	0.020	19.564	0.032
54227.9338	15.617	0.009	16.756	0.021	18.386	0.023	19.551	0.039
54243.8985	15.591	0.006	16.816	0.012	18.399	0.014	19.628	0.025
54243.9040	15.628	0.006	16.740	0.011	18.416	0.014	19.476	0.022
54250.8877	15.608	0.008	16.807	0.018	18.403	0.020	19.569	0.037
54250.8933	15.587	0.007	16.773	0.015	18.428	0.018	19.598	0.032
54253.8575	15.557	0.008	16.789	0.019	18.546	0.023	19.497	0.034
54253.8631	15.638	0.009	16.764	0.019	18.426	0.022	19.577	0.039
54255.8904	15.591	0.006	16.775	0.014	18.389	0.015	19.564	0.027
54255.8959	15.588	0.006	16.788	0.014	18.394	0.016	19.620	0.029
54279.9285	15.675	0.006	16.864	0.012	18.386	0.013	19.709	0.026
54279.9429	15.621	0.006	16.812	0.013	18.350	0.014	19.609	0.027
54293.9167	15.591	0.003	16.817	0.006	18.269	0.006	19.605	0.011
54293.9250	15.643	0.003	16.859	0.006	18.366	0.006	19.666	0.012
54308.8200	15.579	0.005	16.825	0.011	18.293	0.011	19.545	0.020
54308.8314	15.613	0.005	16.817	0.011	18.273	0.011	19.521	0.020
54328.7667	15.599	0.006	16.813	0.013	18.391	0.014	19.540	0.024
54328.7723	15.624	0.007	16.835	0.015	18.474	0.017	19.397	0.025
54330.8118	15.611	0.005	16.814	0.011	18.415	0.012	19.474	0.019
54330.8174	15.600	0.006	16.823	0.012	18.410	0.013	19.541	0.022
54342.8122	15.595	0.009	16.799	0.023	18.437	0.025	19.579	0.041
54346.7473	15.623	0.007	16.832	0.016	18.418	0.017	19.556	0.030
54346.7528	15.613	0.007	16.836	0.014	18.440	0.016	19.551	0.027
54348.7134	15.615	0.006	16.833	0.012	18.433	0.013	19.487	0.021
54348.7190	15.606	0.005	16.827	0.011	18.432	0.013	19.505	0.020
54354.6899	15.579	0.005	16.664	0.010	18.479	0.014	19.660	0.025
54354.6954	15.577	0.006	16.864	0.012	18.467	0.014	19.477	0.022
54359.6692	15.601	0.007	16.838	0.015	18.453	0.016	19.488	0.027
54359.6748	15.581	0.007	16.803	0.016	18.495	0.018	19.532	0.032
54363.6517	15.602	0.006	16.806	0.012	18.493	0.015	19.438	0.022
54363.6573	15.595	0.006	16.812	0.012	18.451	0.013	19.527	0.022
54370.6636	15.590	0.007	16.832	0.018	18.519	0.021	19.492	0.029
54370.6691	15.608	0.007	16.856	0.018	18.545	0.021	19.436	0.026
54373.6355	15.597	0.005	16.854	0.011	18.522	0.013	19.440	0.018
54373.6411	15.588	0.005	16.848	0.011	18.546	0.013	19.455	0.018
54377.6434	15.598	0.005	16.860	0.012	18.467	0.013	19.519	0.021
54377.6490	15.606	0.006	16.879	0.012	18.499	0.014	19.477	0.021
54380.6436	15.600	0.005	16.861	0.010	18.528	0.012	19.484	0.017
54380.6492	15.612	0.005	16.849	0.010	18.519	0.012	19.478	0.017
54383.6322	15.600	0.005	16.831	0.010	18.537	0.013	19.442	0.018
54383.6378	15.597	0.005	16.857	0.010	18.522	0.012	19.483	0.016
54386.6332	15.575	0.006	16.853	0.012	18.553	0.015	19.512	0.022
54386.6388	15.610	0.006	16.802	0.013	18.477	0.016	19.552	0.027
54390.5677	15.589	0.006	16.872	0.012	18.550	0.014	19.504	0.022
54390.5733	15.603	0.006	16.865	0.012	18.534	0.014	19.520	0.022
54391.5207	15.603	0.005	16.849	0.012	18.534	0.014	19.525	0.022
54391.5263	15.608	0.005	16.841	0.012	18.544	0.014	19.525	0.022
54392.5829	15.597	0.005	16.826	0.011	18.513	0.013	19.504	0.019
54392.5884	15.603	0.005	16.845	0.011	18.570	0.014	19.439	0.019
54393.6064	15.596	0.005	16.868	0.012	18.564	0.015	19.502	0.021
54393.6120	15.610	0.005	16.830	0.011	18.560	0.014	19.451	0.018
54398.5924	15.605	0.007	16.884	0.016	18.581	0.020	19.431	0.024
54398.5980	15.623	0.007	16.869	0.017	18.615	0.021	19.423	0.026
54402.6076	15.581	0.005	16.846	0.011	18.560	0.014	19.478	0.019
54402.6131	15.578	0.005	16.863	0.012	18.533	0.014	19.525	0.020
54407.5714	15.562	0.005	16.838	0.011	18.568	0.013	19.475	0.020
54407.5770	15.572	0.005	16.838	0.011	18.518	0.014	19.479	0.021
54411.5651	15.596	0.006	16.840	0.013	18.614	0.017	19.428	0.023
54411.5707	15.599	0.006	16.824	0.012	18.564	0.015	19.382	0.020
54415.5863	15.552	0.005	16.862	0.010	18.560	0.012	19.498	0.017
54415.5919	15.565	0.005	16.870	0.010	18.554	0.012	19.438	0.016
54422.5546	15.559	0.007	16.849	0.016	18.539	0.018	19.449	0.026
54422.5602	15.593	0.007	16.849	0.016	18.619	0.019	19.456	0.026
54425.5486	15.567	0.006	16.893	0.015	18.618	0.018	19.426	0.023
54425.5541	15.581	0.006	16.819	0.015	18.580	0.019	19.455	0.025
54430.5265	15.581	0.005	16.860	0.011	18.628	0.014	19.401	0.017
54430.5321	15.575	0.005	16.848	0.011	18.567	0.013	19.498	0.018
54434.5296	15.602	0.005	16.847	0.011	18.578	0.014	19.418	0.018
54434.5352	15.586	0.005	16.862	0.011	18.617	0.014	19.437	0.018
54438.5333	15.599	0.005	16.870	0.012	18.605	0.015	19.409	0.020
54438.5388	15.603	0.006	16.865	0.013	18.607	0.016	19.455	0.022
54602.9093	15.592	0.004	16.887	0.009	18.755	0.012	19.068	0.010
54602.9148	15.609	0.004	16.915	0.009	18.705	0.012	19.045	0.011
54616.9161	15.599	0.005	16.930	0.011	18.793	0.015	19.059	0.013
54616.9217	15.607	0.005	16.850	0.011	18.805	0.017	19.048	0.014
54624.9399	15.588	0.005	16.913	0.012	18.819	0.016	19.093	0.014
54624.9455	15.599	0.006	16.927	0.016	18.812	0.022	19.088	0.017
54633.9456	15.610	0.005	16.912	0.013	18.856	0.019	19.090	0.014
54633.9512	15.624	0.007	16.960	0.022	18.705	0.026	19.067	0.021
54645.9218	15.655	0.005	16.957	0.012	18.792	0.016	19.141	0.014
54645.9274	15.624	0.005	16.956	0.012	18.747	0.016	19.156	0.015
54655.8731	15.652	0.005	16.957	0.011	18.794	0.015	19.196	0.014
54655.8787	15.666	0.005	16.945	0.012	18.796	0.016	19.233	0.016
54662.8214	15.653	0.006	17.008	0.014	18.944	0.020	19.148	0.015
54662.8270	15.665	0.006	16.990	0.013	18.835	0.018	19.217	0.016
54672.8080	15.723	0.006	17.013	0.013	18.857	0.017	19.215	0.015
54672.8136	15.726	0.005	17.009	0.012	18.773	0.016	19.185	0.014
54675.8155	15.697	0.005	16.990	0.011	18.868	0.015	19.167	0.013
54675.8211	15.687	0.005	16.984	0.010	18.876	0.014	19.222	0.013
54681.8080	15.715	0.005	16.998	0.010	18.818	0.014	19.281	0.013
54681.8136	15.713	0.005	17.027	0.011	18.841	0.014	19.267	0.013
54684.7907	15.700	0.005	17.026	0.010	18.868	0.014	19.231	0.012
54684.7962	15.706	0.005	17.024	0.011	18.856	0.015	19.250	0.014
54687.8010	15.725	0.004	17.060	0.010	18.828	0.012	19.305	0.012
54688.7754	15.711	0.005	16.985	0.011	18.876	0.015	19.254	0.014
54688.7810	15.706	0.005	17.045	0.011	18.876	0.015	19.251	0.014
54700.7032	15.671	0.006	17.060	0.015	18.946	0.020	19.122	0.016
54700.7087	15.692	0.006	16.991	0.013	18.857	0.018	19.231	0.017
54707.6965	15.672	0.005	17.042	0.010	18.659	0.012	19.161	0.011
54707.7021	15.671	0.005	17.030	0.010	18.873	0.013	19.201	0.011
54717.6648	15.656	0.005	17.018	0.012	18.830	0.015	19.197	0.014
54717.6704	15.662	0.005	16.968	0.011	18.836	0.014	19.179	0.013
54728.6712	15.648	0.006	16.991	0.016	18.828	0.021	19.249	0.020
54728.6768	15.652	0.006	16.939	0.015	18.960	0.023	19.148	0.018
54736.6249	15.637	0.005	16.975	0.013	18.814	0.017	19.187	0.016
54736.6305	15.629	0.006	16.934	0.014	18.777	0.019	19.226	0.019
54747.7048	15.641	0.006	16.957	0.013	18.879	0.019	19.264	0.017
54747.7103	15.681	0.006	16.967	0.013	18.841	0.018	19.222	0.016
54756.6723	15.642	0.006	17.004	0.016	18.882	0.022	19.301	0.020
54756.6779	15.642	0.006	17.017	0.016	18.850	0.021	19.263	0.019
54759.6033	15.645	0.005	16.999	0.011	18.813	0.015	19.230	0.014
54759.6089	15.646	0.005	16.960	0.012	18.858	0.017	19.202	0.015
54767.5675	15.646	0.005	17.024	0.013	18.788	0.016	19.206	0.015
54767.5731	15.653	0.005	16.990	0.012	18.795	0.016	19.206	0.015
54772.5450	15.644	0.005	16.984	0.010	18.883	0.014	19.211	0.012
54772.5505	15.612	0.005	16.993	0.010	18.994	0.016	19.127	0.012
54773.5390	15.636	0.005	16.939	0.011	18.857	0.015	19.204	0.014
54773.5446	15.618	0.005	16.958	0.012	18.738	0.015	19.319	0.016
54788.5399	15.670	0.006	16.958	0.015	18.861	0.021	19.158	0.019
54788.5455	15.653	0.006	16.970	0.013	18.853	0.018	19.286	0.018
54796.5287	15.643	0.005	16.989	0.011	18.822	0.015	19.223	0.014
54796.5343	15.643	0.005	17.015	0.012	18.756	0.014	19.256	0.015
54800.5575	15.632	0.006	17.038	0.014	18.743	0.017	19.280	0.019
54800.5631	15.633	0.006	16.989	0.014	18.839	0.019	19.215	0.017
54802.5219	15.634	0.007	16.934	0.016	18.854	0.023	19.285	0.022
54802.5275	15.620	0.006	16.978	0.014	18.837	0.019	19.285	0.019
54809.5270	15.616	0.008	17.053	0.023	18.765	0.027	19.374	0.030
54809.5326	15.623	0.007	16.878	0.018	18.844	0.027	19.282	0.025
54945.9178	15.532	0.004	16.922	0.010	18.840	0.015	19.047	0.011
54954.8997	15.566	0.004	16.994	0.011	18.928	0.016	19.015	0.011
54954.9052	15.552	0.005	16.965	0.011	18.997	0.018	19.054	0.012
